ServiceNo,Direction,StopSequence,Distance,BusStopCode
10,1,1,0,75009
10,1,2,0.6,76059
10,1,3,1.1,76069
10,1,4,2.3,96289
10,1,5,2.7,96109
10,1,6,3.3,85079
10,1,7,3.5,85089
10,1,8,3.8,85069
10,1,9,4.1,85059
10,1,10,4.5,85049
10,1,11,4.8,85039
10,1,12,5,85029
10,1,13,5.2,85019
10,1,14,5.5,94079
10,1,15,6.1,94069
10,1,16,6.4,94059
10,1,17,6.8,94049
10,1,18,7,94089
10,1,19,7.3,94039
10,1,20,7.7,94029
10,1,21,7.9,94019
10,1,22,8.3,93099
10,1,23,8.8,93089
10,1,24,9.1,93079
10,1,25,9.4,93069
10,1,26,9.8,93059
10,1,27,10.1,92159
10,1,28,10.4,92149
10,1,29,10.7,92139
10,1,30,11.2,92129
10,1,31,11.7,92119
10,1,32,11.9,92109
10,1,33,12.2,92099
10,1,34,12.7,92161
10,1,35,13.1,82071
10,1,36,13.9,81199
10,1,37,14.2,81189
10,1,38,14.7,81179
10,1,39,15.3,80141
10,1,40,16,80219
10,1,41,17.4,80169
10,1,42,18.1,80159
10,1,43,18.6,02119
10,1,44,19.6,03019
10,1,45,19.9,03059
10,1,46,20.3,03129
10,1,47,20.6,03217
10,1,48,21.5,05649
10,1,49,21.8,14061
10,1,50,22.3,14071
10,1,51,22.7,14081
10,1,52,23.1,14101
10,1,53,23.9,14141
10,1,54,24.2,14121
10,1,55,24.6,14131
10,1,56,25.1,14151
10,1,57,25.5,14161
10,1,58,25.9,14171
10,1,59,26.6,15141
10,1,60,26.9,15151
10,1,61,27.1,15161
10,1,62,27.6,15191
10,1,63,27.9,15201
10,1,64,28.5,15221
10,1,65,28.8,16201
10,1,66,29.1,16011
10,1,67,29.6,16021
10,1,68,29.9,16031
10,1,69,30.1,16041
10,1,70,30.4,16051
10,1,71,30.6,16061
10,1,72,30.8,16071
10,1,73,31.1,16081
10,1,74,31.6,16009
10,2,1,0,16009
10,2,2,0.4,16089
10,2,3,0.7,16079
10,2,4,1,16069
10,2,5,1.3,16059
10,2,6,1.5,16049
10,2,7,1.7,16039
10,2,8,2,16029
10,2,9,2.5,16019
10,2,10,2.7,16209
10,2,11,3,15229
10,2,12,3.2,15219
10,2,13,3.6,15209
10,2,14,3.9,15199
10,2,15,4.4,15169
10,2,16,4.6,15159
10,2,17,4.9,15149
10,2,18,5.3,14189
10,2,19,5.6,14179
10,2,20,6,14169
10,2,21,6.5,14159
10,2,22,6.9,14139
10,2,23,7.4,14129
10,2,24,7.7,14119
10,2,25,8.4,14109
10,2,26,8.8,14089
10,2,27,9.6,14069
10,2,28,10.2,05641
10,2,29,10.6,03222
10,2,30,11.3,03111
10,2,31,11.6,03071
10,2,32,11.9,03031
10,2,33,12.5,03011
10,2,34,13.1,02111
10,2,35,13.8,80151
10,2,36,14.5,80161
10,2,37,16.1,80211
10,2,38,16.7,80149
10,2,39,17.3,81171
10,2,40,17.8,81181
10,2,41,18.2,81191
10,2,42,18.7,82079
10,2,43,19.2,92169
10,2,44,19.7,92091
10,2,45,20,92101
10,2,46,20.2,92111
10,2,47,20.7,92121
10,2,48,21.2,92131
10,2,49,21.6,92141
10,2,50,21.8,92151
10,2,51,22.1,93051
10,2,52,22.5,93061
10,2,53,22.9,93071
10,2,54,23.3,93081
10,2,55,23.6,93091
10,2,56,24,94011
10,2,57,24.4,94021
10,2,58,24.7,94031
10,2,59,25.1,94041
10,2,60,25.5,94051
10,2,61,26,94061
10,2,62,26.5,94071
10,2,63,26.9,85021
10,2,64,27.3,85031
10,2,65,27.5,85041
10,2,66,27.9,85051
10,2,67,28.2,85061
10,2,68,28.4,85081
10,2,69,28.7,85071
10,2,70,29.1,96101
10,2,71,29.5,96281
10,2,72,30.8,76061
10,2,73,31.3,76051
10,2,74,31.9,75009
100,1,1,0,66009
100,1,2,0.6,62129
100,1,3,0.9,62119
100,1,4,1.2,61049
100,1,5,1.6,61039
100,1,6,2,70069
100,1,7,2.7,70059
100,1,8,2.9,70049
100,1,9,3.3,70039
100,1,10,3.6,70029
100,1,11,4,70019
100,1,12,4.4,81099
100,1,13,4.8,81089
100,1,14,5.3,80089
100,1,15,5.7,80069
100,1,16,6.2,80049
100,1,17,6.4,80039
100,1,18,6.9,80029
100,1,19,7.4,01339
100,1,20,7.7,01349
100,1,21,8.1,01429
100,1,22,8.3,01419
100,1,23,8.7,01529
100,1,24,8.9,01519
100,1,25,9.3,01629
100,1,26,9.7,01619
100,1,27,10.5,02029
100,1,28,11.1,03019
100,1,29,11.4,03059
100,1,30,11.8,03129
100,1,31,12.1,03217
100,1,32,13,05649
100,1,33,13.3,14061
100,1,34,13.8,14071
100,1,35,14.2,14081
100,1,36,14.6,14101
100,1,37,15.4,14141
100,1,38,15.7,14121
100,1,39,16.1,14131
100,1,40,16.6,14151
100,1,41,17,14161
100,1,42,17.4,14171
100,1,43,18.1,15041
100,1,44,18.4,15051
100,1,45,18.9,18011
100,1,46,19.5,11511
100,1,47,20,11021
100,1,48,20.3,11031
100,1,49,21,11041
100,1,50,21.4,11051
100,1,51,21.9,11161
100,1,52,22.4,11171
100,1,53,22.8,11181
100,1,54,23.3,11351
100,1,55,23.6,11009
100,2,1,0,11009
100,2,2,0.2,11359
100,2,3,0.6,11189
100,2,4,0.8,11179
100,2,5,1.4,11169
100,2,6,2,11059
100,2,7,2.4,11049
100,2,8,2.8,11039
100,2,9,3.2,11029
100,2,10,3.8,11519
100,2,11,4.5,18019
100,2,12,5,15059
100,2,13,5.3,15049
100,2,14,5.7,14189
100,2,15,6,14179
100,2,16,6.4,14169
100,2,17,6.9,14159
100,2,18,7.3,14139
100,2,19,7.8,14129
100,2,20,8.1,14119
100,2,21,8.8,14109
100,2,22,9.2,14089
100,2,23,10,14069
100,2,24,10.6,05641
100,2,25,11,03222
100,2,26,11.7,03111
100,2,27,12.3,03031
100,2,28,12.9,03011
100,2,29,13.5,02111
100,2,30,14.1,01611
100,2,31,14.3,01621
100,2,32,14.6,01511
100,2,33,14.9,01521
100,2,34,15.2,01411
100,2,35,15.5,01421
100,2,36,16,01341
100,2,37,16.7,80011
100,2,38,17.2,80031
100,2,39,17.5,80051
100,2,40,17.9,80071
100,2,41,18.4,80091
100,2,42,18.6,81081
100,2,43,19,81091
100,2,44,19.4,70011
100,2,45,19.8,70021
100,2,46,20.1,70031
100,2,47,20.6,70041
100,2,48,20.9,70051
100,2,49,21.4,70061
100,2,50,21.9,61031
100,2,51,22.2,61041
100,2,52,22.6,62111
100,2,53,22.8,62121
100,2,54,23.3,66009
100A,1,1,0,66009
100A,1,2,0.6,62129
100A,1,3,0.9,62119
100A,1,4,1.2,61049
100A,1,5,1.6,61039
100A,1,6,2,70069
100A,1,7,2.7,70059
100A,1,8,2.9,70049
100A,1,9,3.3,70039
100A,1,10,3.6,70029
100A,1,11,4,70019
100A,1,12,4.4,81099
100A,1,13,4.8,81089
101,1,1,0,66009
101,1,2,0.5,62131
101,1,3,0.9,62141
101,1,4,1.4,63011
101,1,5,1.9,63021
101,1,6,2.5,63031
101,1,7,2.8,63041
101,1,8,3,63051
101,1,9,3.3,63061
101,1,10,3.5,64011
101,1,11,4.1,64541
101,1,12,4.4,64551
101,1,13,4.6,64529
101,1,14,4.9,64339
101,1,15,5.1,64341
101,1,16,5.4,64351
101,1,17,5.9,64431
101,1,18,6.2,64441
101,1,19,6.5,64461
101,1,20,6.8,66499
101,1,21,7.1,66541
101,1,22,7.3,66551
101,1,23,7.5,66561
101,1,24,7.9,66571
101,1,25,8.2,66581
101,1,26,8.7,66549
101,1,27,8.9,66491
101,1,28,9.2,64619
101,1,29,9.5,64561
101,1,30,10,64359
101,1,31,10.4,64349
101,1,32,10.8,64331
101,1,33,11.1,64521
101,1,34,11.3,64559
101,1,35,11.5,64549
101,1,36,12.1,64019
101,1,37,12.4,63069
101,1,38,12.7,63059
101,1,39,13.1,63049
101,1,40,13.5,63039
101,1,41,14,63029
101,1,42,14.6,63019
101,1,43,14.9,62149
101,1,44,15.1,62189
101,1,46,15.8,66009
102,1,1,0,64009
102,1,2,0.7,64041
102,1,3,1.1,64051
102,1,4,1.6,64061
102,1,5,2.1,64401
102,1,6,2.4,67739
102,1,7,2.8,67729
102,1,8,3.2,67719
102,1,9,3.9,67609
102,1,10,4.3,67619
102,1,11,4.5,67341
102,1,12,4.8,67199
102,1,13,5,67189
102,1,14,5.3,67409
102,1,15,5.8,67399
102,1,16,6.1,67389
102,1,17,6.4,67549
102,1,18,7,67559
102,1,19,7.4,67569
102,1,20,7.7,67579
102,1,21,8.1,68031
102,1,22,8.4,68051
102,1,23,8.8,68111
102,1,24,10.4,68099
102,1,25,11,68209
102,1,26,11.4,68239
102,1,27,12.9,68201
102,1,28,13.3,68091
102,1,29,14.7,68119
102,1,30,15,68059
102,1,31,15.2,68049
102,1,32,15.4,68039
102,1,33,15.7,67571
102,1,34,16,67561
102,1,35,16.4,67551
102,1,36,17.1,67541
102,1,37,17.3,67381
102,1,38,17.6,67391
102,1,39,18.1,67401
102,1,40,18.5,67181
102,1,41,18.7,67191
102,1,42,19,67349
102,1,43,19.2,67611
102,1,44,19.7,67601
102,1,45,20.2,67711
102,1,46,20.6,67721
102,1,47,21,67731
102,1,48,21.5,64409
102,1,49,21.9,64069
102,1,50,22.3,64059
102,1,51,22.6,64049
102,1,52,23.3,64009
103,1,1,0,66009
103,1,2,0.5,62131
103,1,3,0.9,62141
103,1,4,1.3,63141
103,1,5,1.8,63361
103,1,6,2.2,63181
103,1,7,2.6,63191
103,1,8,2.8,63201
103,1,9,3.1,63211
103,1,10,3.6,64101
103,1,11,4,64111
103,1,12,4.4,64121
103,1,13,4.7,67079
103,1,14,5.1,67069
103,1,15,5.4,67059
103,1,16,5.8,67049
103,1,17,6.1,67081
103,1,18,6.4,68011
103,1,19,6.8,68021
103,1,20,7.2,68031
103,1,21,7.5,68051
103,1,22,7.9,68111
103,1,23,8.5,68061
103,1,24,9.1,68091
103,1,25,9.4,68081
103,1,26,9.9,68101
103,1,27,10.3,68121
103,1,28,10.8,68161
103,1,29,11.6,68131
103,1,30,12.1,68141
103,1,31,12.5,68151
103,1,32,14.3,68171
103,1,33,14.8,59779
103,1,34,15,59789
103,1,35,15.6,59461
103,1,36,16.2,59459
103,1,37,16.5,59709
103,1,38,16.8,59349
103,1,39,17.4,58991
103,1,40,17.9,59009
103,2,1,0,59009
103,2,2,0.2,59069
103,2,3,1,59341
103,2,4,1.3,59701
103,2,5,1.6,59651
103,2,6,1.9,59451
103,2,7,2.4,59469
103,2,8,3,59781
103,2,9,3.1,59771
103,2,10,3.7,68179
103,2,11,5.4,68159
103,2,12,6,68149
103,2,13,6.3,68139
103,2,14,7.1,68169
103,2,15,7.6,68129
103,2,16,8,68109
103,2,17,8.4,68089
103,2,18,8.7,68099
103,2,19,9.3,68069
103,2,20,9.9,68119
103,2,21,10.2,68059
103,2,22,10.4,68049
103,2,23,10.6,68039
103,2,24,11,68029
103,2,25,11.3,68019
103,2,26,11.5,67089
103,2,27,11.9,67041
103,2,28,12.2,67051
103,2,29,12.5,67061
103,2,30,13,67071
103,2,31,13.3,64129
103,2,32,13.7,64119
103,2,33,14.2,64109
103,2,34,14.6,63219
103,2,35,14.9,63209
103,2,36,15.3,63199
103,2,37,15.6,63189
103,2,38,15.8,63179
103,2,39,16.2,63369
103,2,40,16.4,63149
103,2,41,16.9,62149
103,2,42,17.1,62189
103,2,44,17.8,66009
105,1,1,0,66009
105,1,2,0.5,66419
105,1,3,0.9,66409
105,1,4,1.3,66399
105,1,5,1.7,66029
105,1,6,2.2,66019
105,1,7,2.7,52069
105,1,8,2.9,52059
105,1,9,3.5,52361
105,1,10,4.1,52279
105,1,11,4.7,52239
105,1,12,5,52189
105,1,13,6.1,52079
105,1,14,7.3,51099
105,1,15,8.2,40249
105,1,16,8.5,40239
105,1,17,8.9,40229
105,1,18,9.2,40219
105,1,19,9.6,40209
105,1,20,10.1,40199
105,1,21,10.8,09219
105,1,22,11.5,09111
105,1,23,11.8,09121
105,1,24,12.4,09131
105,1,25,12.7,09141
105,1,26,13,13011
105,1,27,13.6,13021
105,1,28,13.9,11201
105,1,29,14.2,11211
105,1,30,14.7,11221
105,1,31,15,11089
105,1,32,15.5,11079
105,1,33,15.8,11069
105,1,34,16.4,11161
105,1,35,16.9,11171
105,1,36,17.3,11181
105,1,37,17.8,11191
105,1,38,18.3,19011
105,1,39,18.7,19021
105,1,40,19.1,19031
105,1,41,19.5,19041
105,1,42,20.2,17151
105,1,43,20.5,17161
105,1,44,20.9,17171
105,1,45,21.2,17181
105,1,46,21.5,20101
105,1,47,22.1,28011
105,1,48,22.6,28021
105,1,49,23.1,28031
105,1,50,23.5,28041
105,1,51,24.1,28659
105,1,52,24.8,28649
105,1,53,25.1,28639
105,1,54,25.5,28319
105,1,55,25.8,28449
105,1,56,26.3,28009
105,2,1,0,28009
105,2,3,0.5,28441
105,2,4,0.9,28311
105,2,5,1.4,28631
105,2,6,1.7,28641
105,2,7,2.3,28651
105,2,8,2.9,28049
105,2,9,3.3,28039
105,2,10,3.6,28029
105,2,11,4.2,28019
105,2,12,4.8,20109
105,2,13,5.2,17189
105,2,14,5.5,17179
105,2,15,5.8,17169
105,2,16,6.2,17159
105,2,17,6.7,19049
105,2,18,7.2,19039
105,2,19,7.7,19029
105,2,20,8,19019
105,2,21,8.4,11199
105,2,22,8.9,11189
105,2,23,9.1,11179
105,2,24,9.7,11169
105,2,25,10.3,11061
105,2,26,10.7,11071
105,2,27,11,11081
105,2,28,11.5,11229
105,2,29,11.7,11219
105,2,30,12.1,11209
105,2,31,12.5,13029
105,2,32,13.2,13019
105,2,33,13.3,09149
105,2,34,13.9,09159
105,2,35,14.2,09169
105,2,36,14.5,09179
105,2,37,15,09213
105,2,38,15.8,40191
105,2,39,16.2,40201
105,2,40,16.6,40211
105,2,41,16.8,40221
105,2,42,17.2,40231
105,2,43,18.7,51091
105,2,44,19.1,51101
105,2,45,19.9,52071
105,2,46,20.5,52181
105,2,47,20.7,52231
105,2,48,21.3,52271
105,2,49,21.9,52369
105,2,50,22.7,52051
105,2,51,23.2,52061
105,2,52,23.8,66011
105,2,53,24.3,66021
105,2,54,24.7,66391
105,2,55,24.9,66401
105,2,56,25.3,66411
105,2,57,25.6,66389
105,2,58,25.7,66009
105B,1,1,0,28009
105B,1,3,0.5,28441
105B,1,4,0.9,28311
105B,1,5,1.4,28631
105B,1,6,1.7,28641
105B,1,7,2.3,28651
105B,1,8,2.9,28049
105B,1,9,3.3,28039
105B,1,10,3.6,28029
105B,1,11,4.2,28019
105B,1,12,4.8,20109
105B,1,13,5.2,17189
105B,1,14,5.5,17179
106,1,1,0,43009
106,1,2,0.6,43179
106,1,3,1,43189
106,1,4,1.4,43619
106,1,5,1.6,43629
106,1,6,2,42319
106,1,7,2.7,28109
106,1,8,3.1,28189
106,1,9,3.8,28019
106,1,10,4.4,20109
106,1,11,4.8,17189
106,1,12,5.1,17179
106,1,13,5.4,17169
106,1,14,5.8,17159
106,1,15,6.3,19049
106,1,16,6.8,19039
106,1,17,7.3,19029
106,1,18,7.6,19019
106,1,19,8,11199
106,1,20,8.5,11189
106,1,21,8.9,11401
106,1,22,10,11239
106,1,23,10.4,11229
106,1,24,10.6,11219
106,1,25,11,11209
106,1,26,11.4,13029
106,1,27,12.1,13019
106,1,28,12.2,09149
106,1,29,12.8,09159
106,1,30,13.1,09169
106,1,31,13.4,09179
106,1,32,13.9,09048
106,1,33,14.5,09038
106,1,34,14.9,08138
106,1,35,15.3,08057
106,1,36,15.8,08069
106,1,37,16.1,04179
106,1,38,16.5,02049
106,1,39,17.1,02151
106,1,40,17.8,02161
106,1,41,18.1,02171
106,1,42,19,03509
106,1,43,19.3,03519
106,1,44,19.9,03539
106,1,45,20.3,03529
106,1,46,20.9,03129
106,1,47,21.4,03218
106,2,1,0,03239
106,2,2,0.8,03222
106,2,3,1.5,03111
106,2,4,1.8,03071
106,2,5,2.4,03381
106,2,6,2.6,03391
106,2,7,3.3,03511
106,2,8,3.7,03501
106,2,9,4.4,02051
106,2,10,4.7,02061
106,2,11,5.4,04111
106,2,12,5.8,04121
106,2,13,6.1,08041
106,2,14,6.4,08031
106,2,15,6.9,08111
106,2,16,7.2,08121
106,2,17,7.5,09059
106,2,18,8,09022
106,2,19,8.5,09111
106,2,20,8.8,09121
106,2,21,9.4,09131
106,2,22,9.7,09141
106,2,23,10,13011
106,2,24,10.6,13021
106,2,25,10.9,11201
106,2,26,11.2,11211
106,2,27,11.7,11221
106,2,28,12.2,11231
106,2,29,12.9,11419
106,2,30,13.4,11409
106,2,31,13.7,11181
106,2,32,14.2,11191
106,2,33,14.7,19011
106,2,34,15.1,19021
106,2,35,15.5,19031
106,2,36,15.9,19041
106,2,37,16.6,17151
106,2,38,16.9,17161
106,2,39,17.3,17171
106,2,40,17.6,17181
106,2,41,17.9,20101
106,2,42,18.5,28011
106,2,43,19.3,28181
106,2,44,19.7,28101
106,2,45,20.4,42311
106,2,46,20.8,43621
106,2,47,21.1,43611
106,2,48,21.4,43181
106,2,49,21.8,43171
106,2,50,22.3,43009
106A,1,1,0,43009
106A,1,2,0.6,43179
106A,1,3,1,43189
106A,1,4,1.4,43619
106A,1,5,1.6,43629
106A,1,6,2,42319
106A,1,7,2.7,28109
106A,1,8,3.1,28189
106A,1,9,3.8,28019
106A,1,10,4.4,20109
106A,1,11,4.8,17189
106A,1,12,5.1,17179
107,1,1,0,64009
107,1,2,0.5,64391
107,1,3,0.8,63351
107,1,4,1.2,63341
107,1,5,1.7,63059
107,1,6,2.1,63049
107,1,7,2.5,63039
107,1,8,3,63029
107,1,9,3.6,63019
107,1,10,3.9,62149
107,1,11,4.3,62139
107,1,12,4.6,62129
107,1,13,4.9,62119
107,1,14,5.2,61049
107,1,15,5.6,61039
107,1,16,5.9,61029
107,1,17,6.2,61019
107,1,18,6.5,60269
107,1,19,6.6,60209
107,1,20,7.1,60179
107,1,21,7.7,60221
107,1,22,8,60039
107,1,23,8.5,60029
107,1,24,9,60019
107,1,25,9.3,07369
107,1,26,9.5,07379
107,1,27,9.8,01319
107,1,28,10.2,01219
107,1,29,10.5,01239
107,1,30,10.9,01529
107,1,31,11.1,01519
107,1,32,11.5,01629
107,1,33,11.9,01619
107,1,34,12.7,02029
107,1,35,13.3,03019
107,1,36,13.6,03059
107,1,37,14,03129
107,1,38,14.5,03218
107,1,39,14.7,03239
107,2,1,0,03239
107,2,2,0.8,03222
107,2,3,1.5,03111
107,2,4,2.1,03031
107,2,5,2.7,03011
107,2,6,3.3,02111
107,2,7,3.9,01611
107,2,8,4.1,01621
107,2,9,4.4,01511
107,2,10,4.7,01521
107,2,11,5.1,01231
107,2,12,5.4,01211
107,2,13,5.7,01311
107,2,14,6,07371
107,2,15,6.6,60011
107,2,16,7.2,60021
107,2,17,7.7,60031
107,2,18,8,60229
107,2,19,8.5,60159
107,2,23,9.6,60161
107,2,24,10.2,60201
107,2,25,10.4,60261
107,2,26,10.6,61011
107,2,27,10.9,61021
107,2,28,11.1,61031
107,2,29,11.4,61041
107,2,30,11.8,62111
107,2,31,12,62121
107,2,32,12.3,62131
107,2,33,12.7,62141
107,2,34,13.2,63011
107,2,35,13.7,63021
107,2,36,14.3,63031
107,2,37,14.6,63041
107,2,38,14.8,63051
107,2,39,15.3,63349
107,2,40,15.8,63359
107,2,41,16.1,64399
107,2,42,16.6,64009
107M,1,1,0,64009
107M,1,2,0.5,64391
107M,1,3,0.8,63351
107M,1,4,1.2,63341
107M,1,5,1.7,63059
107M,1,6,2.1,63049
107M,1,7,2.5,63039
107M,1,8,3,63029
107M,1,9,3.6,63019
107M,1,10,3.9,62149
107M,1,11,4.3,62139
107M,1,12,4.6,62129
107M,1,13,4.9,62119
107M,1,14,5.2,61049
107M,1,15,5.6,61039
107M,1,16,5.9,61029
107M,1,17,6.2,61019
107M,1,18,6.5,60269
107M,1,19,6.6,60209
107M,1,20,7.1,60179
107M,1,21,7.7,60221
107M,1,22,8,60039
107M,1,23,8.5,60029
107M,1,24,9,60019
107M,1,25,9.3,07369
107M,1,26,9.6,07379
107M,1,27,9.9,01319
107M,1,28,10.3,01219
107M,1,29,10.6,01239
107M,1,30,11,01529
107M,1,31,11.2,01519
107M,1,32,11.6,01629
107M,1,33,11.9,01619
107M,1,34,12.6,02089
107M,1,35,13.1,02169
107M,1,36,13.5,02141
107M,1,37,14,01511
107M,1,38,14.3,01521
107M,1,39,14.7,01231
107M,1,40,15,01211
107M,1,41,15.3,01311
107M,1,42,15.7,07371
107M,1,43,16.3,60011
107M,1,44,16.9,60021
107M,1,45,17.4,60031
107M,1,46,17.7,60229
107M,1,47,18.2,60159
107M,1,51,19.3,60161
107M,1,52,19.9,60201
107M,1,53,20.1,60261
107M,1,54,20.3,61011
107M,1,55,20.6,61021
107M,1,56,20.8,61031
107M,1,57,21.1,61041
107M,1,58,21.5,62111
107M,1,59,21.7,62121
107M,1,60,22,62131
107M,1,61,22.4,62141
107M,1,62,22.9,63011
107M,1,63,23.4,63021
107M,1,64,24,63031
107M,1,65,24.3,63041
107M,1,66,24.5,63051
107M,1,67,25,63349
107M,1,68,25.5,63359
107M,1,69,25.8,64399
107M,1,70,26.3,64009
109,1,1,0,66009
109,1,2,0.6,66361
109,1,3,1.1,66041
109,1,4,1.4,66051
109,1,5,1.8,63361
109,1,6,2.2,63181
109,1,7,2.6,63191
109,1,8,2.8,63201
109,1,9,3.1,63211
109,1,10,3.6,64101
109,1,11,4.2,64491
109,1,12,4.4,64481
109,1,13,4.7,64471
109,1,14,4.9,64601
109,1,15,5.2,64611
109,1,16,5.4,64469
109,1,17,5.8,64629
109,1,18,6,67459
109,1,19,6.3,67469
109,1,20,6.6,67279
109,1,21,7,67449
109,1,22,7.3,67419
109,1,23,7.6,67599
109,1,24,9.1,65199
109,1,25,13.1,77339
109,1,26,13.6,77289
109,1,27,13.9,77239
109,1,28,14.2,77249
109,1,29,14.5,78049
109,1,30,14.7,77019
109,1,31,15.1,77029
109,1,32,15.5,77039
109,1,33,15.9,77049
109,1,34,16.3,77059
109,1,35,16.6,78069
109,1,36,17,78059
109,1,37,17.5,98111
109,1,38,17.7,98109
109,1,39,18.1,98031
109,1,40,18.4,98041
109,1,41,18.7,98231
109,1,42,19,98051
109,1,43,19.6,98061
109,1,44,20,98071
109,1,45,20.4,99011
109,1,46,20.8,99021
109,1,47,21.1,99031
109,1,48,21.5,99041
109,1,49,21.8,99139
109,1,50,22.1,99009
109,2,1,0,99009
109,2,2,0.2,99131
109,2,3,0.5,99049
109,2,4,0.9,99039
109,2,5,1.2,99029
109,2,6,1.6,99019
109,2,7,2.2,98079
109,2,8,2.6,98069
109,2,9,3,98059
109,2,10,3.3,98239
109,2,11,3.6,98049
109,2,12,4,98039
109,2,13,4.5,98101
109,2,14,4.7,98119
109,2,15,5.2,78051
109,2,16,5.6,78061
109,2,17,6,77051
109,2,18,6.4,77041
109,2,19,6.8,77031
109,2,20,7.1,77021
109,2,21,7.5,77011
109,2,22,7.8,77241
109,2,23,8.1,77231
109,2,24,8.4,77281
109,2,25,8.8,77331
109,2,26,12.9,65191
109,2,27,14.2,67591
109,2,28,14.6,67411
109,2,29,14.9,67441
109,2,30,15.4,67271
109,2,31,15.7,67461
109,2,32,16.1,67451
109,2,33,16.3,64621
109,2,34,16.6,64461
109,2,35,16.9,64619
109,2,36,17.1,64609
109,2,37,17.4,64479
109,2,38,17.7,64489
109,2,39,18,64499
109,2,40,18.4,64109
109,2,41,18.8,63219
109,2,42,19.1,63209
109,2,43,19.5,63199
109,2,44,19.8,63189
109,2,45,20,63179
109,2,46,20.4,63369
109,2,47,20.8,66059
109,2,48,21.2,66049
109,2,49,21.5,66369
109,2,50,22,66389
109,2,51,22.1,66009
109A,1,1,0,66009
109A,1,2,0.6,66361
109A,1,3,1.1,66041
109A,1,4,1.4,66051
109A,1,5,1.8,63361
109A,1,6,2.2,63181
109A,1,7,2.6,63191
109A,1,8,2.8,63201
109A,1,9,3.1,63211
109A,1,10,3.6,64101
109A,1,11,4.2,64491
109A,1,12,4.4,64481
109A,1,13,4.7,64471
109A,1,14,4.9,64601
109A,1,15,5.2,64611
10e,1,1,0,85049
10e,1,2,0.3,85039
10e,1,3,0.5,85029
10e,1,4,0.7,85019
10e,1,5,1,94079
10e,1,6,1.6,94069
10e,1,7,1.9,94059
10e,1,8,2.3,94049
10e,1,9,2.5,94089
10e,1,10,2.8,94039
10e,1,11,3.2,94029
10e,1,12,3.4,94019
10e,1,13,3.8,93099
10e,1,14,4.3,93089
10e,1,15,4.6,93079
10e,1,16,4.9,93069
10e,1,17,5.3,93059
10e,1,18,5.6,92159
10e,1,19,5.9,92149
10e,1,20,6.2,92139
10e,1,21,6.7,92129
10e,1,22,7.2,92119
10e,1,23,7.4,92109
10e,1,24,7.7,92099
10e,1,25,13.6,80159
10e,1,26,14.1,02119
10e,1,27,15.1,03019
10e,1,28,15.4,03059
10e,1,29,15.8,03129
10e,1,30,16.1,03217
10e,2,1,0,03222
10e,2,2,0.7,03111
10e,2,3,1,03071
10e,2,4,1.3,03031
10e,2,5,1.9,03011
10e,2,7,3.2,80151
10e,2,8,9.1,92091
10e,2,9,9.4,92101
10e,2,10,9.6,92111
10e,2,11,10.1,92121
10e,2,12,10.6,92131
10e,2,13,11,92141
10e,2,14,11.2,92151
10e,2,15,11.5,93051
10e,2,16,11.9,93061
10e,2,17,12.3,93071
10e,2,18,12.7,93081
10e,2,19,13,93091
10e,2,20,13.4,94011
10e,2,21,13.8,94021
10e,2,22,14.1,94031
10e,2,23,14.5,94041
10e,2,24,14.9,94051
10e,2,25,15.4,94061
10e,2,26,15.9,94071
10e,2,27,16.3,85021
10e,2,28,16.7,85031
10e,2,29,16.9,85041
11,1,1,0,80009
11,1,2,0.3,80051
11,1,3,0.9,80119
11,1,4,1.5,80149
11,1,5,2.1,80189
11,1,6,2.9,80179
11,1,7,3.2,80199
11,1,8,3.3,80191
11,1,9,4.4,90039
11,1,10,4.9,90029
11,1,11,5.1,90019
11,1,12,5.5,90079
11,1,13,5.8,90011
11,1,14,6,90021
11,1,15,6.5,90031
11,1,16,7.6,80199
11,1,17,7.7,80191
11,1,18,8,80171
11,1,19,8.7,80181
11,1,20,9.1,80141
11,1,21,9.7,80111
11,1,22,10.1,80049
11,1,23,10.5,80009
110,1,1,0,67759
110,1,2,0.4,67191
110,1,3,0.7,67349
110,1,4,1.3,67359
110,1,5,1.5,67369
110,1,6,1.9,67379
110,1,7,2.2,67761
110,1,8,2.5,67319
110,1,9,2.8,67429
110,1,10,3.2,67599
110,1,11,4.7,65199
110,1,12,16.2,95151
110,1,13,16.7,95011
110,1,14,18.1,95109
110,1,15,18.9,95029
110,1,16,19.7,95129
110,1,17,20.8,95019
110,1,18,22.3,95209
110,1,19,23.7,95159
110,1,20,35.4,65191
110,1,21,36.7,67591
110,1,22,37.2,67421
110,1,23,37.5,67311
110,1,24,37.8,67769
110,1,25,38.2,67371
110,1,26,38.6,67361
110,1,27,38.9,67351
110,1,28,39.4,67341
110,1,29,39.7,67199
110,1,30,40,67759
111,1,1,0,11009
111,1,2,0.2,11359
111,1,3,0.6,11189
111,1,4,0.8,11179
111,1,5,1.4,11169
111,1,6,2.2,11159
111,1,7,2.6,11149
111,1,8,2.9,11139
111,1,9,3.4,10299
111,1,10,3.7,10289
111,1,11,4.1,10321
111,1,12,4.7,13031
111,1,13,5.2,13041
111,1,14,5.6,13201
111,1,15,6.1,09159
111,1,16,6.4,09169
111,1,17,6.7,09179
111,1,18,7.2,09048
111,1,19,7.8,09038
111,1,20,8.2,08138
111,1,21,8.6,08057
111,1,22,9.1,08069
111,1,23,9.4,04179
111,1,24,9.8,02049
111,1,25,10.4,02151
111,1,26,11.1,02161
111,1,27,11.4,02171
111,1,28,11.8,02051
111,1,29,12.1,02061
111,1,30,12.8,04111
111,1,31,13.2,04121
111,1,32,13.5,08041
111,1,33,13.8,08031
111,1,34,14.3,08111
111,1,35,14.6,08121
111,1,36,14.9,09059
111,1,37,15.4,09022
111,1,38,15.9,09111
111,1,39,16.2,09121
111,1,40,16.8,09131
111,1,41,17,13209
111,1,42,17.3,13049
111,1,43,17.8,13039
111,1,44,18.5,10329
111,1,45,18.8,10281
111,1,46,19.2,10291
111,1,47,19.7,11131
111,1,48,19.9,11141
111,1,49,20.5,11151
111,1,50,21.1,11161
111,1,51,21.6,11171
111,1,52,22,11181
111,1,53,22.5,11351
111,1,54,22.8,11009
112,1,1,0,64009
112,1,2,0.7,64041
112,1,3,1.1,64051
112,1,4,1.5,64329
112,1,5,1.8,64319
112,1,6,2.1,64309
112,1,7,2.5,64239
112,1,8,3,64209
112,1,9,3.3,63139
112,1,10,3.9,63239
112,1,11,4.2,63229
112,1,12,4.9,63031
112,1,13,5.2,63041
112,1,14,5.4,63051
112,1,15,5.9,63349
112,1,16,6.5,63339
112,1,17,6.8,63329
112,1,18,7.2,63391
112,1,19,7.5,63381
112,1,20,7.9,63371
112,1,21,8.2,64411
112,1,22,8.5,64479
112,1,23,8.8,64489
112,1,24,9.1,64509
112,1,25,9.5,64519
112,1,26,9.9,64471
112,1,27,10.3,64419
112,1,28,10.6,63379
112,1,29,11,63389
112,1,30,11.3,63399
112,1,31,11.5,63321
112,1,32,11.9,63331
112,1,33,12.3,63341
112,1,34,12.8,63059
112,1,35,13.2,63049
112,1,36,13.6,63039
112,1,37,14.3,63221
112,1,38,14.6,63231
112,1,39,15.1,63131
112,1,40,15.5,64201
112,1,41,16,64231
112,1,42,16.4,64301
112,1,43,16.7,64311
112,1,44,17,64321
112,1,45,17.3,64059
112,1,46,17.6,64049
112,1,47,18.3,64009
112A,1,1,0,64009
112A,1,2,0.7,64041
112A,1,3,1.1,64051
112A,1,4,1.5,64329
112A,1,5,1.8,64319
112A,1,6,2.1,64309
112A,1,7,2.5,64239
112A,1,8,3,64209
112A,1,9,3.3,63139
112A,1,10,3.9,63239
112A,1,11,4.2,63229
112A,1,12,4.9,63031
113,1,1,0,64009
113,1,2,0.7,64041
113,1,3,1.1,64051
113,1,4,1.6,64071
113,1,5,2.1,64039
113,1,6,2.5,64371
113,1,7,2.8,64381
113,1,8,3.1,64391
113,1,9,3.4,63351
113,1,10,3.8,63341
113,1,11,4.3,63059
113,1,12,4.7,63049
113,1,13,5.1,63039
113,1,14,5.8,63221
113,1,15,6.1,63231
113,1,16,6.3,63261
113,1,17,6.6,63271
113,1,18,6.9,63281
113,1,19,7.3,63291
113,1,20,7.6,63301
113,1,21,7.9,62221
113,1,22,8.3,62219
113,1,23,8.7,62059
113,1,24,9.1,62229
113,1,25,9.5,63309
113,1,26,9.8,63299
113,1,27,10.1,63289
113,1,28,10.4,63279
113,1,29,10.7,63269
113,1,30,10.9,63239
113,1,31,11.2,63229
113,1,32,11.9,63031
113,1,33,12.2,63041
113,1,34,12.4,63051
113,1,35,12.9,63349
113,1,36,13.4,63359
113,1,37,13.7,64399
113,1,38,14.1,64389
113,1,39,14.4,64379
113,1,40,14.7,64031
113,1,41,15.2,64079
113,1,42,15.7,64059
113,1,43,16,64049
113,1,44,16.7,64009
113A,1,1,0,63039
113A,1,2,0.7,63221
113A,1,3,1,63231
113A,1,4,1.2,63261
113A,1,5,1.5,63271
113A,1,6,1.8,63281
113A,1,7,2.2,63291
113A,1,8,2.5,63301
113A,1,9,2.8,62221
113A,1,10,3.2,62219
113A,1,11,3.6,62059
113A,1,12,4,62229
113A,1,13,4.4,63309
113A,1,14,4.7,63299
113A,1,15,5,63289
113A,1,16,5.3,63279
113A,1,17,5.6,63269
113A,1,18,5.8,63239
113A,1,19,6.1,63229
113A,1,20,6.8,63031
115,1,1,0,63221
115,1,2,0.3,63231
115,1,3,0.5,63261
115,1,4,0.8,63271
115,1,5,1.1,63281
115,1,6,1.5,63099
115,1,7,1.9,63089
115,1,8,2.3,63079
115,1,9,2.8,63241
115,1,10,3.2,63059
115,1,11,3.6,63049
115,1,12,4,63039
115,1,13,4.7,63221
116,1,1,0,64009
116,1,2,0.3,64551
116,1,3,0.5,64529
116,1,4,0.8,64339
116,1,5,1.1,64411
116,1,6,1.4,64479
116,1,7,1.7,64489
116,1,8,2,64499
116,1,9,2.4,66439
116,1,10,3,66429
116,1,11,3.5,66101
116,1,12,4,63219
116,1,13,4.3,63209
116,1,14,4.7,63199
116,1,15,5,63189
116,1,16,5.2,63179
116,1,17,5.6,63369
116,1,18,6,66379
116,1,19,6.3,66359
116,1,20,6.6,62141
116,1,21,7,63141
116,1,22,7.5,63361
116,1,23,7.9,63181
116,1,24,8.3,63191
116,1,25,8.5,63201
116,1,26,8.8,63211
116,1,27,9.1,66109
116,1,28,9.9,66421
116,1,29,10.3,66431
116,1,30,10.9,64491
116,1,31,11.1,64481
116,1,32,11.4,64471
116,1,33,11.8,64419
116,1,34,12.2,64331
116,1,35,12.5,64521
116,1,36,12.7,64559
116,1,37,13,64009
116A,1,1,0,66439
116A,1,2,0.6,66429
116A,1,3,1.1,66101
116A,1,4,1.6,63219
116A,1,5,1.9,63209
116A,1,6,2.3,63199
116A,1,7,2.6,63189
116A,1,8,2.8,63179
116A,1,9,3.2,63369
116A,1,10,3.6,66379
116A,1,11,3.9,66359
117,1,1,0,65009
117,1,2,0.4,65259
117,1,3,0.7,65409
117,1,4,1.1,65141
117,1,5,1.3,65431
117,1,6,4.5,68111
117,1,7,5.1,68061
117,1,8,5.7,68091
117,1,9,6,68081
117,1,10,6.5,68101
117,1,11,6.9,68121
117,1,12,7.4,68161
117,1,13,8.2,68131
117,1,14,8.7,68141
117,1,15,9.1,68151
117,1,16,10.9,68171
117,1,17,11.4,59779
117,1,18,11.6,59789
117,1,19,12,59479
117,1,20,12.4,59759
117,1,21,12.8,59749
117,1,22,13.1,59739
117,1,23,13.6,59509
117,1,24,14.1,59729
117,1,25,14.9,59031
117,1,26,15.3,59041
117,1,27,15.7,59051
117,1,28,16.4,59061
117,1,29,16.8,59079
117,1,30,17.1,59091
117,1,31,17.7,59251
117,1,32,18.2,59521
117,1,33,18.5,58549
117,1,34,19.1,58261
117,1,35,19.5,58339
117,1,36,20,58211
117,1,37,20.3,58251
117,1,38,20.7,58009
117,2,1,0,58009
117,2,2,0.5,58259
117,2,3,0.8,58219
117,2,4,1.3,58331
117,2,5,1.8,58269
117,2,6,2.4,58541
117,2,7,2.7,59529
117,2,8,3.1,59259
117,2,9,3.6,59099
117,2,10,4.1,59073
117,2,11,4.3,59069
117,2,12,5,59059
117,2,13,5.5,59049
117,2,14,5.9,59039
117,2,15,6.7,59721
117,2,16,7.2,59501
117,2,17,7.6,59731
117,2,18,8,59741
117,2,19,8.3,59751
117,2,20,8.8,59471
117,2,21,9.1,59781
117,2,22,9.2,59771
117,2,23,9.8,68179
117,2,24,11.5,68159
117,2,25,12.1,68149
117,2,26,12.4,68139
117,2,27,13.2,68169
117,2,28,13.7,68129
117,2,29,14.1,68109
117,2,30,14.5,68089
117,2,31,14.8,68099
117,2,32,15.4,68069
117,2,33,16,68119
117,2,34,18.8,65439
117,2,35,19.2,65149
117,2,36,19.5,65401
117,2,37,20.2,65009
117A,1,1,0,59479
117A,1,2,0.4,59759
117A,1,3,0.8,59749
117A,1,4,1.1,59739
117A,1,5,1.6,59509
117A,1,6,2.1,59729
117A,1,7,2.9,59031
117A,1,8,3.3,59041
117B,1,1,0,58009
117B,1,2,0.5,58259
117B,1,3,0.8,58219
117B,1,4,1.3,58331
117B,1,5,1.8,58269
117B,1,6,2.4,58541
117B,1,7,2.7,59529
117B,1,8,3.1,59259
117B,1,9,3.6,59099
117B,1,10,4.1,59073
118,1,1,0,65009
118,1,2,0.4,65259
118,1,3,0.7,65409
118,1,4,1.1,65141
118,1,5,1.3,65431
118,1,6,2.6,65199
118,1,7,6.6,75359
118,1,8,7,75369
118,1,9,7.4,75319
118,1,10,7.9,75299
118,1,11,8.2,75379
118,1,12,8.5,75171
118,1,13,9,75159
118,1,14,9.4,75039
118,1,15,9.7,75241
118,1,16,10.1,75231
118,1,17,10.5,75221
118,1,18,11,75051
118,1,19,12.3,96289
118,1,20,12.7,96109
118,1,21,13.2,96119
118,1,22,13.8,96229
118,1,23,14.3,96311
118,1,24,14.6,96301
118,1,25,15.3,96401
118,1,26,16.1,97009
118,2,1,0,97009
118,2,2,0.9,96361
118,2,3,1.8,96309
118,2,4,2,96319
118,2,5,2.5,96221
118,2,6,3.1,96111
118,2,7,3.5,96101
118,2,8,3.9,96281
118,2,9,5.2,75059
118,2,10,5.6,75229
118,2,11,6.1,75239
118,2,12,6.5,75249
118,2,13,6.9,75031
118,2,14,7.4,75151
118,2,15,7.7,75179
118,2,16,8,75371
118,2,17,8.3,75291
118,2,18,8.9,75311
118,2,19,9.3,75361
118,2,20,9.6,75351
118,2,21,13.6,65191
118,2,22,15,65439
118,2,23,15.4,65149
118,2,24,15.7,65401
118,2,25,16.4,65009
118A,1,1,2.6,65199
118A,1,2,6.6,75359
118A,1,3,7,75369
118A,1,4,7.4,75319
118A,1,5,7.9,75299
118A,1,6,8.2,75379
118A,1,7,8.5,75171
118A,1,8,9,75159
118A,1,9,9.4,75039
118A,1,10,9.7,75241
118A,1,11,10,75231
118A,1,12,10.4,75221
118A,1,13,10.9,75051
118A,1,14,12.2,96289
118A,1,15,12.6,96109
118A,1,16,13.1,96119
118B,1,1,3.1,96111
118B,1,2,3.5,96101
118B,1,3,3.9,96281
118B,1,4,5.2,75059
118B,1,5,5.6,75229
118B,1,6,6.1,75239
118B,1,7,6.5,75249
118B,1,8,7,75031
118B,1,9,7.5,75151
118B,1,10,7.8,75179
118B,1,11,8.1,75371
118B,1,12,8.4,75291
118B,1,13,9,75311
118B,1,14,9.4,75361
118B,1,15,9.7,75351
118B,1,16,13.7,65191
119,1,1,0,65009
119,1,2,0.6,65341
119,1,3,0.9,65331
119,1,4,1.2,65431
119,1,5,1.7,67591
119,1,6,2.1,67411
119,1,7,2.4,67401
119,1,8,2.9,67101
119,1,9,3.2,67111
119,1,10,3.6,67121
119,1,11,3.9,67131
119,1,12,4.2,67141
119,1,13,4.6,67151
119,1,14,5.1,67161
119,1,15,5.4,65019
119,1,16,5.8,64029
119,1,17,6.2,64079
119,1,18,6.7,64059
119,1,19,7,64049
119,1,20,7.3,64019
119,1,21,7.6,63069
119,1,22,7.9,63059
119,1,23,8.3,63049
119,1,24,8.7,63039
119,1,25,9.4,63221
119,1,26,9.7,63231
119,1,27,10.4,63041
119,1,28,10.6,63051
119,1,29,10.9,63061
119,1,30,11.1,64011
119,1,31,11.5,64041
119,1,32,11.9,64051
119,1,33,12.4,64071
119,1,34,12.8,64021
119,1,35,13.2,65011
119,1,36,13.5,67169
119,1,37,14.2,67159
119,1,38,14.6,67139
119,1,39,15,67129
119,1,40,15.2,67119
119,1,41,15.6,67109
119,1,42,16,67409
119,1,43,16.4,67419
119,1,44,16.7,67599
119,1,45,17.2,65439
119,1,46,17.5,65339
119,1,47,17.8,65349
119,1,48,18.3,65009
12,1,1,0,77009
12,1,2,0.8,78109
12,1,3,1.2,78081
12,1,4,1.6,78071
12,1,5,1.8,78069
12,1,6,2.2,78059
12,1,7,2.6,98099
12,1,8,3,98019
12,1,9,3.6,76249
12,1,10,3.9,76239
12,1,11,4.2,76039
12,1,12,4.5,76109
12,1,13,5.2,96129
12,1,14,5.4,96189
12,1,15,5.7,96199
12,1,16,6.1,96209
12,1,17,6.4,95909
12,1,18,6.8,96039
12,1,19,7.1,96029
12,1,20,7.5,96019
12,1,21,7.8,85109
12,1,22,8.5,85099
12,1,23,9.1,84101
12,1,24,9.5,84071
12,1,25,9.8,84081
12,1,26,10.1,84141
12,1,27,10.5,84111
12,1,28,11,84151
12,1,29,11.6,93099
12,1,30,12.1,93089
12,1,31,12.4,93079
12,1,32,12.7,93069
12,1,33,13.1,93059
12,1,34,13.4,92159
12,1,35,13.7,92149
12,1,36,14,92139
12,1,37,14.5,92129
12,1,38,15,92119
12,1,39,15.2,92109
12,1,40,15.5,92099
12,1,41,15.9,91079
12,1,42,16.2,91069
12,1,43,16.8,91059
12,1,44,17,91049
12,1,45,17.4,91091
12,1,46,17.7,80271
12,1,47,18.1,80141
12,1,48,18.7,80111
12,1,49,19.1,80049
12,1,50,19.3,80039
12,1,51,19.8,80029
12,1,52,20.3,01319
12,1,53,20.7,01219
12,1,54,21,01129
12,1,55,21.4,01059
12,1,56,21.6,01119
12,1,57,22,01019
12,1,58,22.3,04159
12,1,59,22.6,04149
12,1,60,22.9,04229
12,1,61,23.1,04239
12,1,62,23.4,05059
12,1,63,23.6,05049
12,1,64,24,05039
12,1,65,24.3,05019
12,1,66,24.9,10011
12,1,67,25.2,10041
12,1,68,25.8,10499
12,2,1,0,10499
12,2,2,0.7,10049
12,2,3,1.1,10017
12,2,4,2.1,05013
12,2,5,2.5,05023
12,2,6,2.8,04222
12,2,7,3.3,04142
12,2,8,3.8,01012
12,2,9,4.3,01112
12,2,10,4.9,01121
12,2,11,5.2,01211
12,2,12,5.5,01311
12,2,13,6.1,80011
12,2,14,6.6,80031
12,2,15,6.9,80051
12,2,16,7.5,80119
12,2,17,8.1,80149
12,2,18,8.6,80279
12,2,19,8.9,91099
12,2,20,9.3,91041
12,2,21,9.6,91051
12,2,22,9.9,91061
12,2,23,10.3,91071
12,2,24,10.7,92091
12,2,25,11,92101
12,2,26,11.2,92111
12,2,27,11.7,92121
12,2,28,12.2,92131
12,2,29,12.6,92141
12,2,30,12.8,92151
12,2,31,13.1,93051
12,2,32,13.5,93061
12,2,33,13.9,93071
12,2,34,14.3,93081
12,2,35,14.6,93091
12,2,36,15,84159
12,2,37,15.5,84119
12,2,38,15.9,84149
12,2,39,16.1,84089
12,2,40,16.4,84079
12,2,41,16.8,84109
12,2,42,17.4,85091
12,2,43,18,85101
12,2,44,18.4,96011
12,2,45,18.9,96021
12,2,46,19.1,96031
12,2,47,19.5,95901
12,2,48,19.8,96201
12,2,49,20.1,96191
12,2,50,20.4,96181
12,2,51,20.6,96121
12,2,52,21.4,76101
12,2,53,21.6,76031
12,2,54,22,76231
12,2,55,22.3,76241
12,2,56,22.9,98011
12,2,57,23.2,98091
12,2,58,23.6,78051
12,2,59,24,78061
12,2,60,24.3,78079
12,2,61,24.7,78089
12,2,62,25.1,78101
12,2,63,25.7,77009
120,1,1,0,10499
120,1,2,0.7,10051
120,1,3,1,10061
120,1,4,1.4,10071
120,1,6,1.9,10371
120,1,7,2.4,10171
120,1,8,2.7,10181
120,1,9,2.9,10191
120,1,10,3.2,10201
120,1,11,3.6,10281
120,1,12,4,10291
120,1,13,4.3,11539
120,1,14,4.6,11529
120,1,15,4.9,11519
120,1,16,5.6,18019
120,1,17,6.1,15059
120,1,18,6.4,15049
120,1,19,6.8,14189
120,1,20,7.1,14179
120,1,21,7.5,14169
120,1,22,8,14041
120,1,23,8.4,14349
120,1,24,8.7,14339
120,1,25,9.1,14329
120,1,26,9.4,14491
120,1,27,10,14501
120,1,28,10.4,14391
120,1,29,10.7,14331
120,1,30,11,14341
120,1,31,11.4,14049
120,1,32,11.9,14161
120,1,33,12.3,14171
120,1,34,13,15041
120,1,35,13.3,15051
120,1,36,13.8,18011
120,1,37,14.4,11511
120,1,38,14.8,11521
120,1,39,15.2,11531
120,1,40,15.7,10299
120,1,41,16.5,10209
120,1,42,16.8,10199
120,1,43,17.1,10189
120,1,44,17.4,10179
120,1,45,17.9,10379
120,1,46,18.4,10079
120,1,47,18.8,10069
120,1,48,19.1,10059
120,1,49,19.6,10499
121,1,1,0,10499
121,1,2,0.7,10049
121,1,3,1.1,10017
121,1,4,1.7,06011
121,1,5,2.3,06051
121,1,6,2.5,06071
121,1,7,2.7,06081
121,1,8,3.1,10221
121,1,9,3.5,10231
121,1,10,3.9,10389
121,1,11,4.4,10169
121,1,12,5,10121
121,1,13,5.5,10071
121,1,14,5.7,10501
121,1,15,6,10369
121,1,16,6.4,14039
121,1,17,6.8,14291
121,1,18,7.2,14269
121,1,19,7.4,14259
121,1,20,7.7,14279
121,1,21,8,14319
121,1,22,8.1,14489
121,1,23,8.3,14309
121,1,24,8.5,14379
121,1,25,8.9,14031
121,1,26,9.4,10361
121,1,27,9.9,10079
121,1,28,10.3,10129
121,1,29,10.8,10151
121,1,30,11,10161
121,1,31,11.5,10381
121,1,32,12,10239
121,1,33,12.3,10229
121,1,35,13.1,06069
121,1,36,13.3,06049
121,1,37,13.8,06029
121,1,38,14.4,10011
121,1,39,14.7,10041
121,1,40,15.3,10499
122,1,1,0,10499
122,1,2,0.7,10049
122,1,3,1.1,10017
122,1,4,1.7,06011
122,1,5,2.3,06051
122,1,6,2.6,10141
122,1,7,3,10151
122,1,8,3.2,10161
122,1,9,3.7,10381
122,1,10,4.1,10241
122,1,11,4.5,10261
122,1,12,4.8,10271
122,1,13,5.3,10321
122,1,14,5.7,10479
122,1,15,6.1,10469
122,1,16,6.6,11499
122,1,17,7,11489
122,1,18,7.2,11479
122,1,19,7.5,11469
122,1,20,8,11061
122,1,21,8.5,11439
122,1,22,8.8,11429
122,1,23,9,11169
122,1,24,9.7,11471
122,1,25,10.1,11481
122,1,26,10.3,11491
122,1,27,10.8,10461
122,1,28,11.1,10471
122,1,29,11.6,10329
122,1,30,12,10279
122,1,31,12.3,10269
122,1,32,12.7,10249
122,1,33,13.1,10389
122,1,34,13.6,10169
122,1,35,14.2,10149
122,1,36,14.6,06049
122,1,37,15.1,06029
122,1,38,15.7,10011
122,1,39,16,10041
122,1,40,16.6,10499
123,1,1,0,10009
123,1,2,0.4,10659
123,1,3,0.6,10101
123,1,4,1.1,10111
123,1,5,1.4,10131
123,1,6,2.1,11021
123,1,7,2.4,11031
123,1,8,3.1,11041
123,1,9,3.5,11051
123,1,10,3.9,11061
123,1,11,4.3,11071
123,1,12,4.6,11081
123,1,13,5.1,11229
123,1,14,5.3,11219
123,1,15,5.7,11209
123,1,16,6.1,13029
123,1,17,6.8,13019
123,1,18,6.9,09149
123,1,19,7.5,09159
123,1,20,7.8,09169
123,1,21,8.1,09179
123,1,22,8.6,09048
123,1,23,9.2,09038
123,1,24,9.5,08137
123,1,25,10.4,08019
123,1,26,10.9,04329
123,1,27,11.5,06161
123,1,28,11.8,06151
123,1,29,12.2,06069
123,1,30,12.6,06051
123,1,31,12.9,10141
123,1,32,13.3,10151
123,1,33,13.5,10161
123,1,34,13.9,10379
123,1,35,14.3,10369
123,1,36,14.7,14039
123,1,37,15.2,14389
123,1,38,15.4,14381
123,1,39,15.9,14029
123,1,40,16.4,14019
123,1,41,18.9,14519
123,1,42,20.7,14521
123,1,43,21.3,14539
123,2,1,0,14539
123,2,2,0.8,14529
123,2,3,3.3,14011
123,2,4,3.7,14021
123,2,5,3.9,14379
123,2,6,4.4,14389
123,2,7,4.6,14381
123,2,8,5.1,14031
123,2,9,5.6,10361
123,2,10,6,10371
123,2,11,6.6,10169
123,2,12,7.2,10149
123,2,13,7.4,06071
123,2,14,7.6,06081
123,2,15,7.8,06149
123,2,16,8.1,06159
123,2,17,8.5,06169
123,2,18,9.1,04321
123,2,19,9.4,04311
123,2,20,9.6,08011
123,2,21,10.1,08111
123,2,22,10.4,08121
123,2,23,10.7,09059
123,2,24,11.2,09022
123,2,25,11.7,09111
123,2,26,12,09121
123,2,27,12.6,09131
123,2,28,12.9,09141
123,2,29,13.2,13011
123,2,30,13.8,13021
123,2,31,14.1,11201
123,2,32,14.4,11211
123,2,33,14.9,11221
123,2,34,15.2,11089
123,2,35,15.7,11079
123,2,36,16,11069
123,2,37,16.4,11059
123,2,38,16.8,11049
123,2,39,17.2,11039
123,2,40,17.6,11029
123,2,41,18.2,11019
123,2,42,18.5,10139
123,2,43,18.8,10119
123,2,44,19.4,10651
123,2,45,19.7,10009
123M,1,1,0,14009
123M,1,2,0.4,14129
123M,1,3,0.7,14119
123M,1,4,1.3,14011
123M,1,5,1.7,14021
123M,1,6,1.9,14379
123M,1,7,2.4,14389
123M,1,8,2.6,14381
123M,1,9,3.1,14031
123M,1,10,3.6,10361
123M,1,11,4,10371
123M,1,12,4.6,10169
123M,1,13,5.2,10149
123M,1,14,5.7,10141
123M,1,15,6.1,10151
123M,1,16,6.3,10161
123M,1,17,6.7,10379
123M,1,18,7.1,10369
123M,1,19,7.5,14039
123M,1,20,8,14389
123M,1,21,8.2,14381
123M,1,22,8.7,14029
123M,1,23,9.2,14019
123M,1,24,9.9,14141
123M,1,25,10.6,14009
124,1,1,0,52499
124,1,2,0.3,52451
124,1,3,0.6,52129
124,1,4,0.9,52109
124,1,5,1.4,52099
124,1,6,1.7,50159
124,1,7,2,50211
124,1,8,2.2,50221
124,1,9,2.8,50129
124,1,10,3.2,50119
124,1,11,3.8,50069
124,1,12,4.1,40129
124,1,13,4.6,40189
124,1,14,4.8,40179
124,1,15,5.6,09219
124,1,16,6,09047
124,1,17,6.5,09037
124,1,18,7.2,08138
124,1,19,7.6,08057
124,1,20,8.1,08069
124,1,21,8.9,04167
124,1,22,9.2,04249
124,1,23,9.6,05029
124,1,25,10.2,05131
124,1,26,10.6,05039
124,1,27,10.9,05019
124,1,28,11,05069
124,1,29,11.4,10011
124,1,30,11.7,10041
124,1,31,12.2,10399
124,1,32,12.6,14221
124,1,33,13,14231
124,1,34,13.3,14021
124,1,35,13.5,14379
124,1,36,13.9,14291
124,1,37,14.2,14271
124,1,38,14.4,14281
124,1,39,14.9,14059
124,1,40,15.2,14349
124,1,41,15.5,14339
124,1,42,15.8,14399
124,1,43,16.3,14509
124,1,44,16.8,14499
124,1,45,17.1,14359
124,1,46,17.7,14159
124,1,47,18.1,14139
124,1,48,18.5,14009
124,2,1,0,14009
124,2,2,0.4,14131
124,2,3,0.9,14151
124,2,4,1.5,14351
124,2,5,1.8,14491
124,2,6,2.4,14501
124,2,7,2.8,14391
124,2,8,3.1,14331
124,2,9,3.4,14341
124,2,10,3.6,14051
124,2,11,4.3,14279
124,2,12,4.6,14299
124,2,13,5,14029
124,2,14,5.4,14239
124,2,15,5.7,14229
124,2,16,6.2,10391
124,2,17,6.6,10049
124,2,18,7,10017
124,2,19,7.1,10018
124,2,20,7.5,05012
124,2,21,8.1,05022
124,2,23,8.6,04222
124,2,24,8.9,04223
124,2,25,9.3,04143
124,2,26,9.6,04121
124,2,27,9.9,08041
124,2,28,10.2,08031
124,2,29,10.7,08111
124,2,30,11,08121
124,2,31,11.7,09011
124,2,32,12,09023
124,2,33,12.6,09212
124,2,34,13.2,40171
124,2,35,13.5,40181
124,2,36,13.9,40121
124,2,37,14.2,50061
124,2,38,14.9,50111
124,2,39,15.2,50121
124,2,40,15.7,50229
124,2,41,16.3,50991
124,2,42,16.8,52129
124,2,43,17.1,52109
124,2,44,17.6,52499
125,1,1,0,52499
125,1,2,0.3,52451
125,1,3,0.6,52129
125,1,4,0.9,52109
125,1,5,1.4,52099
125,1,6,1.7,50159
125,1,7,2,50211
125,1,8,2.2,50221
125,1,9,2.6,50231
125,1,10,2.9,50241
125,1,11,3.3,60101
125,1,12,3.6,60121
125,1,13,4,60141
125,1,14,4.3,60161
125,1,15,5.1,60211
125,1,16,5.5,70361
125,1,17,5.9,70341
125,1,19,6.6,70321
125,1,20,6.8,70311
125,1,21,7.1,70019
125,1,22,7.8,80239
125,1,23,8.1,80229
125,1,24,8.3,80269
125,1,25,8.7,80091
125,1,26,8.9,81081
125,1,27,9.3,81091
125,1,28,9.7,70011
125,1,29,10,70319
125,1,30,10.2,70329
125,1,32,10.8,70349
125,1,33,11.1,70359
125,1,34,11.4,60219
125,1,35,11.8,60179
125,1,36,12.1,60159
125,1,37,12.4,60139
125,1,38,12.9,60119
125,1,39,13.4,60099
125,1,40,13.7,07329
125,1,42,14.2,07231
125,1,43,14.7,07211
125,1,44,15,07221
125,1,45,15.4,50249
125,1,46,15.6,50239
125,1,47,16,50229
125,1,48,16.6,50991
125,1,49,17.1,52129
125,1,50,17.4,52109
125,1,51,17.9,52499
125A,1,1,0,81081
125A,1,2,0.4,81091
125A,1,3,0.8,70011
125A,1,4,1.1,70319
125A,1,5,1.3,70329
125A,1,7,1.9,70349
125A,1,8,2.2,70359
125A,1,9,2.4,60219
127,1,1,0,75009
127,1,2,0.5,76529
127,1,3,0.7,76519
127,1,4,1.2,75271
127,1,5,1.5,75281
127,1,6,2,75291
127,1,7,2.6,75311
127,1,8,3,75361
127,1,9,3.6,75381
127,1,10,4.2,75391
127,1,11,4.6,74011
127,1,12,5,74021
127,1,13,5.5,74031
127,1,14,5.9,74041
127,1,15,6.2,75319
127,1,16,6.7,75299
127,1,17,7.1,75289
127,1,18,7.4,75279
127,1,19,7.8,76511
127,1,20,8.1,76521
127,1,21,8.5,75009
127A,1,1,0,75009
127A,1,2,0.5,76529
127A,1,3,0.7,76519
127A,1,4,1.2,75271
127A,1,5,1.5,75281
128,1,1,0,55009
128,1,5,1.1,55189
128,1,8,2.6,54399
128,1,9,3.1,54339
128,1,10,3.5,54329
128,1,11,3.8,54319
128,1,14,5.1,53231
128,1,29,11.3,40189
128,1,30,11.5,40179
128,1,31,12.3,09219
128,1,32,12.7,09047
128,1,33,13.2,09037
128,1,34,13.9,08138
128,1,35,14.3,08057
128,1,36,14.8,08069
128,1,37,15.1,04179
128,1,38,15.5,02049
128,1,39,15.9,02119
128,1,40,16.9,03019
128,1,41,17.2,03059
128,1,42,17.6,03129
128,1,43,18.1,03218
128,1,44,18.3,03239
128,2,1,0,03239
128,2,2,0.8,03222
128,2,3,1.5,03111
128,2,4,2.1,03031
128,2,5,2.7,03011
128,2,6,3.3,02111
128,2,7,3.8,04111
128,2,8,4.2,04121
128,2,9,4.5,08041
128,2,10,4.8,08031
128,2,11,5.3,08111
128,2,12,5.6,08121
128,2,13,6.3,09011
128,2,14,6.6,09023
128,2,15,7.2,09212
128,2,16,7.8,40171
128,2,17,8.1,40181
128,2,32,14.1,53239
128,2,35,15.4,54311
128,2,36,15.7,54321
128,2,37,16.1,54331
128,2,38,16.7,54391
128,2,41,18.1,55181
128,2,44,19.4,55009
129,1,1,0,75019
129,1,2,0.4,76559
129,1,3,0.7,76191
129,1,4,1.2,76149
129,1,5,1.6,76139
129,1,6,2,76111
129,1,7,2.3,76121
129,1,8,2.6,76281
129,1,9,3.1,75229
129,1,10,3.6,75239
129,1,11,4,75249
129,1,12,4.3,75259
129,1,13,10.4,62071
129,1,14,10.8,62081
129,1,15,11.1,62091
129,1,16,12.6,66069
129,1,17,13.1,52069
129,1,18,13.3,52059
129,1,19,13.9,52361
129,1,20,14.3,52449
129,1,21,14.5,52179
129,1,22,14.8,52209
129,1,23,15.2,52199
129,1,24,15.4,52189
129,1,25,16.5,52079
129,1,26,17,50161
129,1,27,17.3,50171
129,1,28,17.9,52401
129,1,29,18.3,52411
129,1,30,18.8,52451
129,1,31,19.1,52129
129,1,32,19.4,52049
129,1,33,19.8,52119
129,1,34,20.3,52499
129,2,1,0,52499
129,2,2,0.3,52451
129,2,3,0.6,52129
129,2,4,0.9,52049
129,2,5,1.3,52119
129,2,6,1.8,52419
129,2,7,2.2,52409
129,2,8,2.9,52479
129,2,9,3.1,50169
129,2,10,3.5,51011
129,2,11,4.4,52071
129,2,12,5,52181
129,2,13,5.4,52191
129,2,14,5.7,52201
129,2,15,6,52171
129,2,16,6.2,52441
129,2,17,6.6,52369
129,2,18,7.4,52051
129,2,19,7.9,52061
129,2,20,8.4,66061
129,2,21,9.8,62099
129,2,22,10.1,62089
129,2,23,10.3,62079
129,2,24,16.5,75251
129,2,25,16.8,75241
129,2,26,17.2,75231
129,2,27,17.6,75221
129,2,28,18.1,76289
129,2,29,18.4,76129
129,2,30,18.7,76119
129,2,31,19,76131
129,2,32,19.4,76141
129,2,33,19.8,76199
129,2,34,20.1,76551
129,2,35,20.7,75019
12e,1,1,0,77009
12e,1,2,0.8,78109
12e,1,3,1.2,78081
12e,1,4,1.6,78071
12e,1,5,1.8,78069
12e,1,6,2.2,78059
12e,1,7,2.6,98099
12e,1,8,3,98019
12e,1,9,3.6,76249
12e,1,10,3.9,76239
12e,1,11,4.2,76039
12e,1,12,4.5,76109
12e,1,13,5.2,96129
12e,1,14,5.4,96189
12e,1,15,5.7,96199
12e,1,16,6.1,96209
12e,1,18,8.5,85099
12e,1,19,9.1,84101
12e,1,20,9.5,84071
12e,1,21,9.8,84081
12e,1,22,10.1,84141
12e,1,23,10.5,84111
12e,1,24,11,84151
12e,1,25,11.5,93131
12e,1,27,21.4,01541
12e,1,28,21.8,01119
12e,1,29,22.2,01019
12e,1,30,22.5,04159
12e,1,31,22.8,04149
12e,1,32,23.1,04229
12e,1,33,23.3,04239
12e,1,34,23.6,05059
12e,1,35,23.8,05049
12e,1,36,24.2,05039
12e,1,37,24.5,05019
12e,1,38,25.1,10011
12e,1,39,26,10499
12e,2,1,0,10499
12e,2,2,1.2,10017
12e,2,3,2.2,05013
12e,2,4,2.6,05023
12e,2,5,2.9,04222
12e,2,6,3.4,04142
12e,2,7,3.9,01012
12e,2,8,4.4,01112
12e,2,9,4.8,01559
12e,2,10,5,01549
12e,2,12,14.5,93139
12e,2,13,14.9,84159
12e,2,14,15.4,84119
12e,2,15,15.8,84149
12e,2,16,16,84089
12e,2,17,16.3,84079
12e,2,18,16.7,84109
12e,2,19,17.3,85091
12e,2,21,19.7,96201
12e,2,22,20,96191
12e,2,23,20.3,96181
12e,2,24,20.5,96121
12e,2,25,21.3,76101
12e,2,26,21.5,76031
12e,2,27,21.9,76231
12e,2,28,22.2,76241
12e,2,29,22.8,98011
12e,2,30,23.1,98091
12e,2,31,23.5,78051
12e,2,32,23.9,78061
12e,2,33,24.2,78079
12e,2,34,24.6,78089
12e,2,35,25,78101
12e,2,36,25.6,77009
13,1,1,0,55509
13,1,2,0.5,55209
13,1,3,0.8,54059
13,1,4,1.1,54049
13,1,5,1.4,54039
13,1,6,2,54019
13,1,7,2.5,53169
13,1,8,2.8,53379
13,1,9,3.1,53389
13,1,10,3.6,53399
13,1,11,4.1,53231
13,1,12,4.5,53211
13,1,13,4.9,52021
13,1,14,5.2,52031
13,1,15,5.8,52051
13,1,16,6.3,52061
13,1,17,6.8,66061
13,1,18,7.3,66071
13,1,19,7.8,61049
13,1,20,8.2,61039
13,1,21,8.5,61029
13,1,22,8.8,61019
13,1,23,9.1,60269
13,1,24,9.2,60209
13,1,25,9.7,60179
13,1,26,9.9,60159
13,1,27,10.2,60139
13,1,28,10.7,60119
13,1,29,11.2,60099
13,1,30,11.4,07359
13,1,31,11.7,07369
13,1,32,11.9,07379
13,1,33,12.4,80011
13,1,34,12.9,80031
13,1,35,13.2,80051
13,1,36,13.6,80071
13,1,37,14.1,80091
13,1,38,14.4,81011
13,1,39,14.7,81031
13,1,40,15.2,81051
13,1,41,15.8,82011
13,1,42,16,82032
13,1,43,16.6,82061
13,1,44,17.3,83299
13,1,45,17.7,83319
13,1,46,18,83309
13,1,47,18.5,92279
13,1,48,18.7,92061
13,1,49,19.1,92239
13,1,50,19.6,92071
13,1,51,19.9,92081
13,1,52,20.3,93011
13,1,53,20.7,93021
13,1,54,21.1,93121
13,1,55,21.6,93071
13,1,56,22,93081
13,1,57,22.3,93091
13,1,58,22.7,94011
13,1,59,23.1,94021
13,1,60,23.4,94031
13,1,61,23.8,94041
13,1,62,24.2,94051
13,1,63,24.7,94061
13,1,64,24.9,94009
13,2,1,0,94009
13,2,2,0.4,94069
13,2,3,0.7,94059
13,2,4,1.1,94049
13,2,5,1.3,94089
13,2,6,1.6,94039
13,2,7,2,94029
13,2,8,2.2,94019
13,2,9,2.6,93099
13,2,10,3.1,93089
13,2,11,3.4,93079
13,2,12,3.7,93129
13,2,13,4.1,93029
13,2,14,4.5,93019
13,2,15,4.9,92089
13,2,16,5.1,92211
13,2,17,5.4,92221
13,2,18,5.8,92231
13,2,19,6.3,92271
13,2,20,6.6,83301
13,2,21,7,83311
13,2,22,7.3,83291
13,2,23,7.8,82069
13,2,24,8.3,82049
13,2,25,8.7,82029
13,2,26,9,82109
13,2,27,9.3,81069
13,2,28,9.7,81049
13,2,29,10,81029
13,2,30,10.5,80089
13,2,31,10.9,80069
13,2,32,11.4,80049
13,2,33,11.6,80039
13,2,34,12.1,80029
13,2,35,12.6,07371
13,2,36,12.9,07361
13,2,37,13.2,07351
13,2,38,13.8,60101
13,2,39,14.1,60121
13,2,40,14.5,60141
13,2,41,14.8,60161
13,2,42,15.4,60201
13,2,43,15.6,60261
13,2,44,15.8,61011
13,2,45,16.1,61021
13,2,46,16.3,61031
13,2,47,16.6,61041
13,2,48,16.8,66089
13,2,49,17.2,66079
13,2,50,17.8,66069
13,2,51,18.3,52069
13,2,52,18.5,52059
13,2,53,19.1,52039
13,2,54,19.9,53219
13,2,55,20.5,53239
13,2,56,21,53391
13,2,57,21.5,53381
13,2,58,21.8,53371
13,2,59,22.2,53161
13,2,60,22.6,54011
13,2,61,23.2,54031
13,2,62,23.6,54041
13,2,63,23.9,54051
13,2,64,24.2,55201
13,2,65,24.6,55509
130,1,1,0,54009
130,1,2,0.6,54248
130,1,3,1.1,54019
130,1,4,1.9,53321
130,1,5,2.2,53209
130,1,6,2.7,53199
130,1,7,3.1,53189
130,1,8,3.4,53179
130,1,9,3.6,53039
130,1,10,3.9,53029
130,1,11,4.3,53019
130,1,12,5,51069
130,1,13,5.5,51059
130,1,14,5.9,51049
130,1,15,6.2,51039
130,1,16,6.4,51029
130,1,17,6.6,51019
130,1,18,7.1,50161
130,1,19,7.4,50171
130,1,20,7.7,50191
130,1,21,7.9,50201
130,1,22,8.2,50211
130,1,23,8.4,50221
130,1,24,8.8,50231
130,1,25,9.1,50241
130,1,27,9.7,60199
130,1,28,10.1,60099
130,1,29,10.4,07329
130,1,30,10.7,07319
130,1,31,11.2,07419
130,1,32,11.5,07529
130,1,33,11.8,07589
130,1,34,12.2,01059
130,1,35,12.4,01119
130,1,36,12.8,01019
130,1,37,13.2,02049
130,1,38,14.1,02029
130,1,39,14.7,03019
130,1,40,15,03059
130,1,41,15.4,03129
130,1,42,15.9,03218
130,1,43,16.1,03239
130,2,1,0,03239
130,2,2,0.8,03222
130,2,3,1.5,03111
130,2,4,2.1,03031
130,2,5,2.7,03011
130,2,6,3.3,02111
130,2,7,4,04151
130,2,8,4.4,01013
130,2,9,4.8,01113
130,2,10,5.2,01121
130,2,11,5.8,07331
130,2,12,6,07231
130,2,13,6.5,07211
130,2,14,6.8,07221
130,2,15,7.2,50249
130,2,16,7.4,50239
130,2,17,7.8,50229
130,2,18,8.2,50209
130,2,19,8.4,50199
130,2,20,8.7,50189
130,2,21,8.9,50179
130,2,22,9.2,50169
130,2,23,9.6,51011
130,2,24,10,51021
130,2,25,10.2,51031
130,2,26,10.4,51041
130,2,27,10.8,51051
130,2,28,11.5,51071
130,2,29,12,53011
130,2,30,12.5,53021
130,2,31,13.2,53171
130,2,32,13.4,53181
130,2,33,13.7,53191
130,2,34,14.1,53201
130,2,35,14.4,53329
130,2,36,14.7,53161
130,2,37,15.1,54011
130,2,38,15.6,54241
130,2,39,16.1,54009
130A,1,1,0,54009
130A,1,2,0.6,54248
130A,1,3,1.1,54019
130A,1,4,1.9,53321
130A,1,5,2.2,53209
130A,1,6,2.7,53199
130A,1,7,3.1,53189
131,1,1,0,52499
131,1,2,0.3,52451
131,1,3,0.6,52129
131,1,4,0.9,52109
131,1,5,1.4,52099
131,1,6,1.7,50159
131,1,7,1.9,50209
131,1,8,2.1,50199
131,1,9,2.4,50189
131,1,10,2.6,50179
131,1,11,2.9,50169
131,1,12,3.3,50059
131,1,13,3.5,50049
131,1,14,4,50038
131,1,15,4.4,50029
131,1,16,4.8,50079
131,1,17,5.3,50089
131,1,18,5.7,50321
131,1,19,6,50351
131,1,20,6.3,40109
131,1,21,6.8,40019
131,1,22,7.2,07539
131,1,23,7.8,07518
131,1,24,8.2,04019
131,1,25,8.5,04179
131,1,26,8.9,02049
131,1,27,9.8,02029
131,1,28,10.4,03019
131,1,29,10.7,03059
131,1,30,11.1,03129
131,1,31,11.4,03217
131,1,32,12.3,05649
131,1,33,12.6,14061
131,1,34,13.1,14071
131,1,35,13.5,14081
131,1,36,13.9,14101
131,1,37,14.7,14141
131,1,38,15,14121
131,1,39,15.4,14131
131,1,40,15.9,14151
131,1,41,16.5,14041
131,1,42,16.9,14051
131,1,43,17.6,14279
131,1,44,17.9,14299
131,1,45,18.3,14389
131,1,46,18.5,14381
131,1,47,19,14031
131,1,48,19.5,10361
131,1,49,19.8,10081
131,1,50,20.5,10009
131,2,1,0,10009
131,2,2,0.7,10089
131,2,3,1.1,10369
131,2,4,1.5,14039
131,2,5,2,14389
131,2,6,2.2,14381
131,2,7,2.7,14291
131,2,8,3,14271
131,2,9,3.2,14281
131,2,10,3.7,14059
131,2,11,4.1,14049
131,2,12,4.6,14159
131,2,13,5,14139
131,2,14,5.5,14129
131,2,15,5.8,14119
131,2,16,6.5,14109
131,2,17,6.9,14089
131,2,18,7.7,14069
131,2,19,8.3,05641
131,2,20,9,03223
131,2,21,9.4,03151
131,2,22,9.9,03021
131,2,23,10.5,03011
131,2,24,11.1,02111
131,2,25,11.6,04111
131,2,26,12,04121
131,2,27,12.4,08079
131,2,28,12.6,07011
131,2,29,13,07021
131,2,30,13.2,07031
131,2,31,13.6,07111
131,2,32,14.1,50251
131,2,33,14.5,50261
131,2,34,14.7,50301
131,2,35,14.9,50081
131,2,36,15.3,50071
131,2,37,16,50021
131,2,38,16.5,50031
131,2,39,16.8,50041
131,2,40,17.3,50161
131,2,41,17.6,50171
131,2,42,17.9,50191
131,2,43,18.1,50201
131,2,44,18.4,50211
131,2,45,18.8,50991
131,2,46,19.3,52129
131,2,47,19.6,52109
131,2,48,20.1,52499
131A,1,1,0,52499
131A,1,2,0.3,52451
131A,1,3,0.6,52129
131A,1,4,0.9,52109
131A,1,5,1.4,52099
131A,1,6,1.7,50159
131A,1,7,1.9,50209
131A,1,8,2.1,50199
131A,1,9,2.4,50189
131A,1,10,2.6,50179
131A,1,11,2.9,50169
131A,1,12,3.3,50059
131A,1,13,3.5,50049
131A,1,14,4,50038
131A,1,15,4.4,50029
131A,1,16,4.8,50079
131A,1,17,5.3,50089
131A,1,18,5.7,50321
131A,1,19,6,50351
131A,1,20,6.3,40109
131A,1,21,6.8,40019
131A,1,22,7.2,07539
131A,1,23,7.8,07518
131A,1,24,8.2,04019
131A,1,25,8.5,04179
131A,1,26,8.9,02049
131A,1,27,9.8,02029
131A,1,28,10.4,03019
131A,1,29,10.7,03059
131A,1,30,11.1,03129
131A,1,31,11.4,03217
131M,1,1,0,10009
131M,1,2,0.7,10089
131M,1,3,1.1,10369
131M,1,4,1.5,14039
131M,1,5,2,14389
131M,1,6,2.2,14381
131M,1,7,2.7,14031
131M,1,8,3.2,10361
131M,1,9,3.5,10081
131M,1,10,4.2,10009
132,1,1,0,64009
132,1,2,0.7,64019
132,1,4,1.4,63349
132,1,5,2,63339
132,1,6,2.3,63329
132,1,7,2.8,63319
132,1,8,3.3,66109
132,1,9,3.8,66339
132,1,10,4.4,66349
132,1,11,4.7,54309
132,1,12,5.3,54299
132,1,13,5.6,54289
132,1,14,5.9,54279
132,1,15,6.2,54269
132,1,16,6.7,54248
132,1,17,7.1,54239
132,1,18,7.5,54229
132,1,19,7.9,54219
132,1,20,8.4,54069
132,1,21,8.6,56269
132,1,22,9.1,53099
132,1,23,9.4,53089
132,1,24,9.8,53079
132,1,25,10.2,53069
132,1,26,10.6,53059
132,1,27,11,53049
132,1,28,11.3,53039
132,1,29,11.6,53029
132,1,30,12,53019
132,1,31,12.7,51069
132,1,32,13.2,51059
132,1,33,13.6,51049
132,1,34,13.9,51039
132,1,35,14.1,51029
132,1,36,14.7,51109
132,1,37,15.3,51099
132,1,38,16.2,40249
132,1,39,16.5,40239
132,1,40,16.9,40229
132,1,41,17.2,40219
132,1,42,17.6,40209
132,1,43,18.1,40199
132,1,44,18.8,09219
132,1,45,19.5,09111
132,1,46,19.8,09121
132,1,47,20.4,09131
132,1,48,20.6,13209
132,1,49,20.9,13049
132,1,50,21.4,13039
132,1,51,22.1,10329
132,1,52,22.7,10209
132,1,53,23,10199
132,1,54,23.3,10189
132,1,55,23.5,10359
132,1,56,23.8,10349
132,1,57,24.5,10009
132,2,1,0,10009
132,2,2,0.7,10341
132,2,3,1,10351
132,2,4,1.3,10181
132,2,5,1.5,10191
132,2,6,1.8,10201
132,2,7,2.4,10321
132,2,8,3,13031
132,2,9,3.5,13041
132,2,10,3.9,13201
132,2,11,4.4,09159
132,2,12,4.7,09169
132,2,13,5,09179
132,2,14,5.5,09213
132,2,15,6.3,40191
132,2,16,6.7,40201
132,2,17,7.1,40211
132,2,18,7.3,40221
132,2,19,7.7,40231
132,2,20,9.2,51091
132,2,21,9.6,51101
132,2,22,10.1,51021
132,2,23,10.3,51031
132,2,24,10.5,51041
132,2,25,10.9,51051
132,2,26,11.6,51071
132,2,27,12.1,53011
132,2,28,12.6,53021
132,2,29,13.1,53041
132,2,30,13.4,53051
132,2,31,13.9,53061
132,2,32,14.3,53071
132,2,33,14.6,53081
132,2,34,14.8,53091
132,2,35,15.5,56261
132,2,36,15.8,54061
132,2,37,16.2,54211
132,2,38,16.6,54221
132,2,39,16.9,54231
132,2,40,17.4,54241
132,2,41,17.9,54261
132,2,42,18.2,54271
132,2,43,18.5,54281
132,2,44,18.8,54291
132,2,45,19.3,54301
132,2,46,19.6,66341
132,2,47,20.2,66331
132,2,48,20.6,66101
132,2,49,21.1,63311
132,2,50,21.5,63321
132,2,51,21.9,63331
132,2,52,22.3,63341
132,2,53,22.7,63061
132,2,54,22.9,64011
132,2,55,23.6,64009
133,1,1,0,54009
133,1,2,0.6,54248
133,1,3,1.1,54019
133,1,4,1.5,54071
133,1,5,1.9,54081
133,1,6,2.3,54091
133,1,7,2.9,54101
133,1,8,3.8,66091
133,1,9,4.3,66031
133,1,10,4.7,66369
133,1,11,5.2,66389
133,1,12,5.7,62129
133,1,13,6,62119
133,1,14,6.3,61049
133,1,15,6.7,61039
133,1,16,7,61029
133,1,17,7.3,61019
133,1,18,7.6,60269
133,1,19,7.7,60209
133,1,20,8.2,60179
133,1,21,8.4,60159
133,1,22,8.7,60139
133,1,23,9.2,60119
133,1,24,9.7,60099
133,1,25,9.9,07359
133,1,26,10.2,07369
133,1,27,10.4,07379
133,1,28,10.7,01319
133,1,29,11.1,01219
133,1,30,11.4,01129
133,1,31,11.8,01059
133,1,32,12,01119
133,1,33,12.4,01019
133,1,34,12.8,02049
133,1,35,13.4,02151
133,1,36,14.1,02161
133,1,37,14.4,02171
133,1,38,15.3,03509
133,1,39,15.6,03519
133,1,40,16.2,03539
133,1,41,16.6,03529
133,1,42,17.2,03129
133,1,43,17.7,03218
133,1,44,17.9,03239
133,2,1,0,03239
133,2,2,0.8,03222
133,2,3,1.5,03111
133,2,4,1.8,03071
133,2,6,2.4,03381
133,2,7,2.6,03391
133,2,8,3.3,03511
133,2,9,3.7,03501
133,2,10,4.4,02051
133,2,11,4.7,02061
133,2,12,5.6,04151
133,2,13,6,01013
133,2,14,6.4,01113
133,2,15,6.8,01121
133,2,16,7.1,01211
133,2,17,7.4,01311
133,2,18,7.7,07371
133,2,19,8,07361
133,2,20,8.3,07351
133,2,21,8.9,60101
133,2,22,9.2,60121
133,2,23,9.6,60141
133,2,24,9.9,60161
133,2,25,10.5,60201
133,2,26,10.7,60261
133,2,27,10.9,61011
133,2,28,11.2,61021
133,2,29,11.4,61031
133,2,30,11.7,61041
133,2,31,12.1,62111
133,2,32,12.3,62121
133,2,33,12.7,66381
133,2,34,13.1,66361
133,2,35,13.5,66039
133,2,36,14.2,66099
133,2,37,15.1,54109
133,2,38,15.7,54099
133,2,39,16,54089
133,2,40,16.3,54079
133,2,41,16.8,54011
133,2,42,17.3,54241
133,2,43,17.8,54009
134,1,1,0,80289
134,1,2,0.2,80249
134,1,3,0.4,80231
134,1,4,0.7,81201
134,1,5,1.1,81211
134,1,6,1.5,81221
134,1,7,1.9,81111
134,1,8,2.3,82119
134,1,9,2.7,82099
134,1,10,2.9,82089
134,1,11,3.2,82079
134,1,12,3.7,92169
134,1,13,4.5,92249
134,1,14,5.1,92041
134,1,15,5.5,92051
134,1,16,5.9,92061
134,1,17,6.3,92239
134,1,18,6.8,92229
134,1,19,7.1,92219
134,1,20,7.4,92079
134,1,21,7.9,92069
134,1,22,8.3,92059
134,1,23,8.6,92049
134,1,24,9.4,92241
134,1,25,10.2,92161
134,1,26,10.6,82071
134,1,27,11,82081
134,1,28,11.2,82091
134,1,30,11.8,81129
134,1,31,12.1,81119
134,1,32,12.4,81229
134,1,33,12.8,81219
134,1,34,13.1,81209
134,1,35,13.5,80239
134,1,36,13.8,80229
134,1,37,14.1,80289
135,1,1,0,54009
135,1,2,0.5,54339
135,1,3,0.9,54329
135,1,4,1.2,54319
135,1,5,1.8,54101
135,1,6,2.7,66091
135,1,7,3.2,66031
135,1,8,3.6,66369
135,1,9,4.1,66389
135,1,10,4.6,62129
135,1,11,4.9,62119
135,1,12,5.2,61049
135,1,13,5.6,61039
135,1,14,6,70069
135,1,15,6.7,70059
135,1,16,6.9,70049
135,1,17,7.3,70039
135,1,18,7.6,70151
135,1,19,7.9,70161
135,1,20,8.3,70171
135,1,21,8.5,70181
135,1,22,8.7,70191
135,1,23,8.9,70371
135,1,24,9.2,70259
135,1,25,9.6,81101
135,1,26,9.9,81111
135,1,27,10.3,82119
135,1,28,10.7,82099
135,1,29,10.9,82089
135,1,30,11.2,82079
135,1,31,11.7,92169
135,1,32,12.5,92249
135,1,33,13.1,92041
135,1,34,13.5,92051
135,1,35,13.9,92061
135,1,36,14.4,92071
135,1,37,14.7,92081
135,1,38,15.1,93011
135,1,39,15.5,93021
135,1,40,15.8,93199
135,1,41,16.5,93201
135,1,42,16.9,93029
135,1,43,17.3,93019
135,1,44,17.7,92089
135,1,45,18,92079
135,1,46,18.5,92069
135,1,47,18.9,92059
135,1,48,19.2,92049
135,1,49,20,92241
135,1,50,20.8,92161
135,1,51,21.2,82071
135,1,52,21.6,82081
135,1,53,21.8,82091
135,1,55,22.4,81129
135,1,56,22.7,81119
135,1,57,23,81109
135,1,58,23.5,70251
135,1,59,23.7,70379
135,1,60,23.9,70201
135,1,61,24.3,70211
135,1,62,24.8,70221
135,1,63,25.2,70231
135,1,64,25.5,70241
135,1,65,25.8,70021
135,1,66,26.1,70031
135,1,67,26.6,70041
135,1,68,26.9,70051
135,1,69,27.4,70061
135,1,70,27.9,61031
135,1,71,28.2,61041
135,1,72,28.6,62111
135,1,73,28.8,62121
135,1,74,29.2,66381
135,1,75,29.6,66361
135,1,76,30,66039
135,1,77,30.7,66099
135,1,78,31.6,54109
135,1,79,32.2,54311
135,1,80,32.5,54321
135,1,81,32.9,54331
135,1,82,33.3,54009
135A,1,1,0,54009
135A,1,2,0.5,54339
135A,1,3,0.9,54329
135A,1,4,1.2,54319
135A,1,5,1.8,54101
135A,1,6,2.7,66091
135A,1,7,3.2,66031
135A,1,8,3.6,66369
135A,1,9,4.1,66389
135A,1,10,4.6,62129
135A,1,11,4.9,62119
135A,1,12,5.2,61049
135A,1,13,5.6,61039
135A,1,14,6,70069
135A,1,15,6.7,70059
135A,1,16,6.9,70049
135A,1,17,7.3,70039
135A,1,18,7.6,70151
135A,1,19,7.9,70161
135A,1,20,8.3,70171
135A,1,21,8.5,70181
135A,1,22,8.7,70191
135A,1,23,8.9,70371
135A,1,24,9.2,70259
135A,1,25,9.6,81101
135A,1,26,9.9,81111
135A,1,27,10.3,82119
135A,1,28,10.7,82099
135A,1,29,10.9,82089
135A,1,30,11.2,82079
135A,1,31,11.7,92169
135A,1,32,12.5,92249
135A,1,33,13.1,92041
135A,1,34,13.5,92051
135A,1,35,13.9,92061
135A,1,36,14.4,92071
135A,1,37,14.7,92081
135A,1,38,15.1,93011
135A,1,39,15.5,93021
135A,1,40,15.8,93199
135A,1,41,16.5,93201
136,1,1,0,54009
136,1,2,0.6,54248
136,1,3,1.1,54019
136,1,4,1.5,54071
136,1,5,1.9,54081
136,1,6,2.3,54091
136,1,7,2.9,54101
136,1,8,3.8,66091
136,1,9,4.3,66031
136,1,10,4.8,66111
136,1,11,5.2,66121
136,1,12,5.6,66271
136,1,13,6.1,66131
136,1,14,6.3,66141
136,1,15,6.5,63189
136,1,16,6.7,63179
136,1,17,7.1,63169
136,1,18,7.3,63159
136,1,19,7.5,63011
136,1,20,8,63021
136,1,21,8.6,63031
136,1,22,8.9,63041
136,1,23,9.1,63051
136,1,24,9.4,63061
136,1,25,9.6,64011
136,1,26,10,64041
136,1,27,10.4,64051
136,1,28,10.9,64061
136,1,29,11.4,64401
136,1,30,12.2,67159
136,1,31,12.6,67139
136,1,32,13,67129
136,1,33,13.2,67119
136,1,34,13.8,65061
136,1,35,14.3,65071
136,1,36,14.7,65151
136,1,37,14.9,65241
136,1,38,15.3,65289
136,1,39,15.6,65229
136,1,40,16.1,65009
136,2,1,0,65009
136,2,2,0.6,65221
136,2,3,0.9,65281
136,2,4,1.2,65249
136,2,5,1.5,65159
136,2,6,1.8,65079
136,2,7,2.3,65069
136,2,8,2.6,65059
136,2,9,2.9,67111
136,2,10,3.3,67121
136,2,11,3.6,67131
136,2,12,3.9,67141
136,2,13,4.3,67151
136,2,14,5,64409
136,2,15,5.4,64069
136,2,16,5.8,64059
136,2,17,6.1,64049
136,2,18,6.4,64019
136,2,19,6.7,63069
136,2,20,7,63059
136,2,21,7.4,63049
136,2,22,7.8,63039
136,2,23,8.3,63029
136,2,24,8.9,63019
136,2,25,9.3,63151
136,2,26,9.7,63161
136,2,27,10.2,63181
136,2,28,10.5,66149
136,2,29,10.8,66139
136,2,30,11.3,66271
136,2,31,11.8,66129
136,2,32,12.3,66119
136,2,33,12.6,66039
136,2,34,13.3,66099
136,2,35,14.2,54109
136,2,36,14.8,54099
136,2,37,15.1,54089
136,2,38,15.4,54079
136,2,39,15.9,54011
136,2,40,16.4,54241
136,2,41,16.9,54009
137,1,1,0,80289
137,1,2,0.2,80249
137,1,3,0.4,80231
137,1,4,0.9,81089
137,1,5,1.2,81011
137,1,6,1.5,81031
137,1,7,2,81051
137,1,8,2.4,81119
137,1,9,2.7,81109
137,1,10,3.6,71161
137,1,11,3.8,71229
137,1,12,4.1,71219
137,1,13,4.4,71209
137,1,14,4.8,71119
137,1,15,5.2,71109
137,1,16,5.7,71129
137,1,17,6,70409
137,1,18,6.4,70071
137,1,19,6.9,71331
137,1,20,7.4,71291
137,1,21,8.2,72131
137,1,22,8.4,72141
137,1,23,8.8,72151
137,1,24,9.2,72161
137,1,25,9.9,84459
137,1,26,10.1,84539
137,1,27,11.1,84361
137,1,28,11.4,84371
137,1,29,11.8,84401
137,1,30,12,84411
137,1,31,12.3,84421
137,1,32,12.6,84331
137,1,33,13.1,84359
137,1,34,13.5,84199
137,1,35,13.7,84049
137,1,36,14.4,84039
137,1,37,14.7,84139
137,1,38,15.3,84129
137,1,39,15.8,84151
137,1,40,16.2,94011
137,1,41,16.6,94021
137,1,42,16.9,94031
137,1,43,17.3,94041
137,1,44,17.7,94051
137,1,45,18.2,94061
137,1,46,18.4,94009
137,2,1,0,94009
137,2,2,0.4,94069
137,2,3,0.7,94059
137,2,4,1.1,94049
137,2,5,1.3,94089
137,2,6,1.6,94039
137,2,7,2,94029
137,2,8,2.2,94019
137,2,9,2.7,84159
137,2,10,3.1,84121
137,2,11,3.8,84131
137,2,12,4.3,84031
137,2,13,4.8,84041
137,2,14,5,84191
137,2,15,5.3,84351
137,2,16,5.8,84339
137,2,17,6.2,84429
137,2,18,6.5,84419
137,2,19,6.8,84409
137,2,20,7.2,84379
137,2,21,7.5,84369
137,2,22,8.6,84451
137,2,23,9.4,72169
137,2,24,9.7,72159
137,2,25,10.1,72149
137,2,26,10.4,72139
137,2,27,11,71299
137,2,28,11.5,71339
137,2,29,12,70079
137,2,30,12.4,70401
137,2,31,12.7,71121
137,2,32,13.2,71101
137,2,33,13.6,71111
137,2,34,14,71201
137,2,35,14.3,71211
137,2,36,14.6,71221
137,2,37,14.8,71169
137,2,38,15.2,70259
137,2,39,15.6,81101
137,2,40,15.9,81111
137,2,41,16.5,81069
137,2,42,16.9,81049
137,2,43,17.2,81029
137,2,44,17.6,81231
137,2,45,17.8,81081
137,2,46,18.2,80239
137,2,47,18.5,80229
137,2,48,18.8,80289
137A,1,1,0,84031
137A,1,2,0.5,84041
137A,1,3,0.7,84191
137A,1,4,1,84351
137A,1,5,1.5,84339
137A,1,6,1.9,84429
137A,1,7,2.2,84419
137A,1,8,2.5,84409
137A,1,9,2.9,84379
137A,1,10,3.2,84369
137A,1,11,4.3,84451
138,1,1,0,54009
138,1,2,0.6,54247
138,1,3,0.9,54031
138,1,4,1.3,54041
138,1,5,1.6,54051
138,1,6,1.8,54469
138,1,7,2,54459
138,1,8,2.4,55111
138,1,9,2.8,55121
138,1,10,3.2,56209
138,1,11,3.5,56199
138,1,12,3.9,56041
138,1,13,4.3,56051
138,1,14,4.7,56061
138,1,15,5.1,56071
138,1,16,5.7,56081
138,1,17,6.2,56091
138,1,18,6.6,57011
138,1,19,6.8,57149
138,1,20,7.1,48109
138,1,21,7.3,48099
138,1,22,7.8,48089
138,1,23,8.7,48079
138,1,24,9.2,48069
138,1,25,9.7,48059
138,1,26,10.7,48049
138,1,27,11.4,48039
138,1,28,11.8,48029
138,1,29,12.1,48111
138,1,30,13.5,48131
138,1,31,15,48119
138,1,32,15.2,48021
138,1,33,15.6,48031
138,1,34,16.3,48041
138,1,35,17.3,48051
138,1,36,18,48061
138,1,37,18.5,48071
138,1,38,19.3,48081
138,1,39,19.8,48091
138,1,40,20.1,48101
138,1,41,20.4,57141
138,1,42,20.6,57019
138,1,43,21,56099
138,1,44,21.6,56089
138,1,45,22.2,56079
138,1,46,22.7,56069
138,1,47,23.1,56059
138,1,48,23.5,56049
138,1,49,23.8,56191
138,1,50,24.2,56201
138,1,51,24.6,55129
138,1,52,25,55119
138,1,53,25.3,54451
138,1,54,25.7,54461
138,1,55,25.9,54059
138,1,56,26.2,54049
138,1,57,26.5,54039
138,1,58,26.8,54241
138,1,59,27.3,54009
138A,1,1,0,54009
138A,1,2,0.6,54247
138A,1,3,0.9,54031
138A,1,4,1.3,54041
138A,1,5,1.6,54051
138A,1,6,1.8,54469
138A,1,7,2,54459
138A,1,8,2.4,55111
138A,1,9,2.8,55121
138A,1,10,3.2,56209
138A,1,11,3.5,56199
138A,1,12,3.9,56041
138A,1,13,4.3,56051
138A,1,14,4.7,56061
138A,1,15,5.1,56071
138A,1,16,5.7,56081
138A,1,17,6.2,56091
138A,1,18,6.6,57011
138A,1,19,6.8,57149
138A,1,20,7.1,48109
138A,1,21,7.3,48099
138A,1,22,7.8,48089
138A,1,23,8.7,48079
138A,1,24,9.2,48069
138A,1,25,9.7,48059
138A,1,26,10.7,48049
138A,1,27,11.4,48039
138A,1,28,11.8,48029
138A,1,29,12.1,48111
138A,1,30,13.5,48131
138B,1,1,0,54009
138B,1,2,0.6,54247
138B,1,3,0.9,54031
138B,1,4,1.3,54041
138B,1,5,1.6,54051
138B,1,6,1.8,54469
138B,1,7,2,54459
138B,1,8,2.4,55111
138B,1,9,2.8,55121
139,1,1,0,52009
139,1,2,1.1,52079
139,1,3,1.6,50161
139,1,4,1.9,50171
139,1,5,2.5,52401
139,1,6,2.9,52411
139,1,7,3.4,52451
139,1,8,3.7,52129
139,1,9,4,52109
139,1,10,4.5,52099
139,1,11,4.8,50159
139,1,12,5.1,50211
139,1,13,5.3,50221
139,1,14,5.7,50231
139,1,15,6,50331
139,1,16,6.3,50349
139,1,17,6.5,60199
139,1,18,6.9,60099
139,1,19,7.2,07329
139,1,20,7.5,07319
139,1,21,8,07419
139,1,22,8.3,07529
139,1,23,8.8,07517
139,1,24,9,04029
139,1,25,9.5,08041
139,1,27,10.2,08019
139,1,28,10.7,13109
139,1,29,11.2,13099
139,1,30,11.6,13089
139,1,31,12,13079
139,1,32,12.4,13069
139,1,33,12.7,13059
139,1,34,12.9,10519
139,1,35,13.3,10241
139,1,36,13.7,10261
139,1,37,14,10271
139,1,38,14.4,10281
139,1,39,14.8,10291
139,1,40,15.4,10219
139,1,41,15.9,10421
139,1,42,16.1,10431
139,1,43,16.4,10441
139,1,44,16.7,10119
139,1,45,17.3,10651
139,1,46,17.6,10009
139,2,1,0,10009
139,2,2,0.4,10659
139,2,3,0.6,10101
139,2,4,1.3,10449
139,2,5,1.6,10439
139,2,6,1.9,10429
139,2,7,2.3,10211
139,2,8,3,10299
139,2,9,3.3,10289
139,2,10,3.7,10279
139,2,11,4,10269
139,2,12,4.4,10249
139,2,13,4.9,13051
139,2,14,5.2,13062
139,2,15,5.7,13071
139,2,16,6.1,13081
139,2,17,6.5,13091
139,2,18,6.9,13101
139,2,19,7.2,04311
139,2,20,7.4,08011
139,2,21,8.2,08058
139,2,22,8.5,08079
139,2,23,8.7,07011
139,2,24,9.1,07021
139,2,25,9.3,07031
139,2,26,9.7,07111
139,2,27,10.3,07211
139,2,28,10.6,07221
139,2,29,11,50249
139,2,30,11.2,50239
139,2,31,11.6,50229
139,2,32,12.2,50991
139,2,33,12.7,52129
139,2,34,13,52109
139,2,35,13.6,52419
139,2,36,14,52409
139,2,37,14.7,52479
139,2,38,14.9,50169
139,2,39,15.3,51011
139,2,40,16.2,52071
139,2,41,16.9,52009
139M,1,1,0,52009
139M,1,2,1.1,52079
139M,1,3,1.6,50161
139M,1,4,1.9,50171
139M,1,5,2.5,52401
139M,1,6,2.9,52411
139M,1,7,3.4,52451
139M,1,8,3.7,52129
139M,1,9,4,52109
139M,1,10,4.6,52419
139M,1,11,5,52409
139M,1,12,5.7,52479
139M,1,13,5.9,50169
139M,1,14,6.3,51011
139M,1,15,7.2,52071
139M,1,16,7.9,52009
13A,1,1,0,54019
13A,1,2,0.5,53169
13A,1,3,0.8,53379
13A,1,4,1.1,53389
13A,1,5,1.6,53399
13A,1,6,2.1,53231
14,1,1,0,84009
14,1,2,0.9,84359
14,1,3,1.2,84211
14,1,4,1.4,84221
14,1,5,1.8,84231
14,1,6,2.2,84241
14,1,7,2.4,84281
14,1,8,2.7,84061
14,1,9,3.2,85091
14,1,10,3.8,85049
14,1,11,4.1,85039
14,1,12,4.3,85029
14,1,13,4.5,85019
14,1,14,4.8,94079
14,1,15,5.4,94069
14,1,16,5.7,94059
14,1,17,6.1,94049
14,1,18,6.3,94089
14,1,19,6.6,94039
14,1,20,7,94029
14,1,21,7.2,94019
14,1,22,7.6,93099
14,1,23,8.1,93089
14,1,24,8.4,93079
14,1,25,8.7,93069
14,1,26,9.1,93059
14,1,27,9.4,92159
14,1,28,9.7,92149
14,1,29,10,92139
14,1,30,10.5,92129
14,1,31,11,92119
14,1,32,11.2,92109
14,1,33,11.5,92099
14,1,34,11.9,91079
14,1,35,12.2,91069
14,1,36,12.8,91059
14,1,37,13,91049
14,1,38,13.4,91091
14,1,39,13.7,80271
14,1,40,14.1,80141
14,1,41,14.8,80219
14,1,42,16.2,80169
14,1,43,16.9,80159
14,1,44,18,04111
14,1,45,18.4,04121
14,1,46,18.7,08041
14,1,47,19,08031
14,1,48,19.5,08111
14,1,49,19.8,08121
14,1,50,20.1,09059
14,1,51,20.6,09022
14,1,52,21,13199
14,1,53,21.5,13159
14,1,54,22,13069
14,1,55,22.3,13059
14,1,56,22.5,10519
14,1,57,22.8,10389
14,1,58,23.4,10379
14,1,59,23.9,10081
14,1,60,24.5,10091
14,1,61,25,10101
14,1,62,25.5,10111
14,1,63,25.8,10131
14,1,64,26.2,11519
14,1,65,27.7,18041
14,1,66,27.9,18131
14,1,67,28.7,18101
14,1,68,29.3,18121
14,1,69,30.1,18141
14,1,70,30.5,11361
14,1,71,31,11191
14,1,72,31.5,19011
14,1,73,31.9,19021
14,1,74,32.3,19031
14,1,75,32.7,19041
14,1,76,33.4,17151
14,1,77,33.7,17161
14,1,78,34.1,17171
14,1,79,34.3,17009
14,2,1,0,17009
14,2,2,0.6,17239
14,2,3,1.1,17159
14,2,4,1.6,19049
14,2,5,2.1,19039
14,2,6,2.6,19029
14,2,7,2.9,19019
14,2,8,3.3,11199
14,2,9,3.8,11369
14,2,10,4.4,18149
14,2,11,5,18129
14,2,12,5.4,18109
14,2,13,6.1,18049
14,2,14,7.6,11511
14,2,15,8,11019
14,2,16,8.3,10139
14,2,17,8.6,10119
14,2,18,8.8,10109
14,2,19,9.3,10099
14,2,20,9.8,10089
14,2,21,10.2,10371
14,2,22,10.8,10381
14,2,23,11.3,13051
14,2,24,11.7,13063
14,2,25,12,13141
14,2,26,12.6,13191
14,2,27,13.3,09048
14,2,28,13.9,09038
14,2,29,14.3,08138
14,2,30,14.7,08057
14,2,31,15.2,08069
14,2,32,15.5,04179
14,2,33,15.9,02049
14,2,34,16.5,80151
14,2,35,17.2,80161
14,2,36,18.8,80211
14,2,37,19.4,80149
14,2,38,19.9,80279
14,2,39,20.2,91099
14,2,40,20.6,91041
14,2,41,20.9,91051
14,2,42,21.2,91061
14,2,43,21.6,91071
14,2,44,22,92091
14,2,45,22.3,92101
14,2,46,22.5,92111
14,2,47,23,92121
14,2,48,23.5,92131
14,2,49,23.9,92141
14,2,50,24.1,92151
14,2,51,24.4,93051
14,2,52,24.8,93061
14,2,53,25.2,93071
14,2,54,25.6,93081
14,2,55,25.9,93091
14,2,56,26.3,94011
14,2,57,26.7,94021
14,2,58,27,94031
14,2,59,27.4,94041
14,2,60,27.8,94051
14,2,61,28.3,94061
14,2,62,28.8,94071
14,2,63,29.2,85021
14,2,64,29.6,85031
14,2,65,29.8,85041
14,2,66,30.4,85099
14,2,67,30.9,84069
14,2,68,31.2,84289
14,2,69,31.5,84249
14,2,70,31.9,84239
14,2,71,32.3,84229
14,2,72,32.6,84219
14,2,73,32.9,84351
14,2,74,33.6,84009
140,1,1,0,80009
140,1,2,0.4,80101
140,1,3,0.7,80319
140,1,4,1,80309
140,1,5,1.3,80299
140,1,6,1.7,60229
140,1,7,2.2,60159
140,1,8,2.5,60139
140,1,9,3,60119
140,1,10,3.3,60191
140,1,11,3.7,60121
140,1,12,4.2,60241
140,1,13,4.5,60251
140,1,14,4.7,60249
140,1,15,5,60141
140,1,16,5.3,60161
140,1,17,6.1,60179
140,1,18,6.7,60221
140,1,19,7,80291
140,1,20,7.4,80301
140,1,21,7.6,80311
140,1,22,7.8,80109
140,1,23,8.4,80009
141,1,1,0,80009
141,1,2,0.6,80029
141,1,3,1.1,07371
141,1,4,1.4,07361
141,1,5,1.7,07351
141,1,6,1.9,07329
141,1,8,2.4,07231
141,1,9,2.8,50251
141,1,10,3.2,50261
141,1,11,3.4,50301
141,1,12,3.6,50081
141,1,13,4,50071
141,1,14,4.7,50021
141,1,15,5.2,50031
141,1,16,5.5,50041
141,1,17,5.7,50051
141,1,18,6,51011
141,1,19,6.4,51021
141,1,20,6.6,51031
141,1,21,6.8,51041
141,1,22,7.2,51051
141,1,23,7.6,52241
141,1,24,7.9,52211
141,1,25,8.2,52159
141,1,26,8.4,52149
141,1,27,8.8,52139
141,1,28,9.4,52009
141,2,1,0,52009
141,2,2,0.5,52131
141,2,3,1,52141
141,2,4,1.2,52151
141,2,5,1.5,52219
141,2,6,1.9,52249
141,2,7,2.1,51059
141,2,8,2.5,51049
141,2,9,2.8,51039
141,2,10,3,51029
141,2,11,3.2,51019
141,2,12,3.7,50059
141,2,13,3.9,50049
141,2,14,4.4,50038
141,2,15,4.8,50029
141,2,16,5.2,50079
141,2,17,5.7,50089
141,2,18,6.3,50279
141,2,19,6.7,50259
141,2,20,6.9,07211
141,2,21,7.4,07249
141,2,22,7.7,07359
141,2,23,8,07369
141,2,24,8.2,07379
141,2,25,8.7,80011
141,2,26,9.6,80009
142,1,1,0,52009
142,1,2,0.5,52509
142,1,3,0.8,52329
142,1,4,1.9,52081
142,1,5,2.6,60081
142,1,6,2.9,60201
142,1,7,3.1,60261
142,1,8,3.3,61061
142,1,9,3.6,61009
142,1,10,3.8,61079
142,1,11,4.1,61101
142,1,12,4.6,61089
142,1,13,5,61099
142,1,14,5.2,61069
142,1,15,5.5,60269
142,1,16,5.6,60209
142,1,17,6,60089
142,1,18,6.7,52089
142,1,19,7.7,52321
142,1,20,8,52501
142,1,21,8.4,52009
142A,1,1,0,52009
142A,1,2,0.5,52509
142A,1,3,0.8,52329
142A,1,4,1.9,52081
142A,1,5,2.6,60081
142A,1,6,2.9,60201
142A,1,7,3.1,60261
142A,1,8,3.3,61061
142A,1,9,3.6,61009
142A,1,10,3.8,61079
142A,1,11,4.1,61101
142A,1,12,4.6,61089
142A,1,13,5,61099
142A,1,14,5.2,61069
142A,1,15,5.5,60269
142A,1,16,5.6,60209
143,1,1,0,52009
143,1,2,1.1,52079
143,1,3,2,50059
143,1,4,2.2,50049
143,1,5,2.5,50037
143,1,6,3.2,50069
143,1,7,3.5,40129
143,1,8,4,40189
143,1,9,4.2,40179
143,1,10,5,09219
143,1,11,5.4,09047
143,1,12,5.9,09037
143,1,13,6.4,08137
143,1,14,7.3,08019
143,1,15,7.8,04329
143,1,16,8.5,06189
143,1,17,8.9,05049
143,1,18,9.3,05039
143,1,19,9.6,05019
143,1,20,9.7,05069
143,1,21,10.1,10011
143,1,22,10.4,10041
143,1,23,10.9,10399
143,1,24,11.3,14221
143,1,25,11.7,14231
143,1,26,12.1,14019
143,1,27,12.8,14141
143,1,28,13.1,14121
143,1,29,13.5,14131
143,1,30,14,14151
143,1,31,14.4,14161
143,1,32,14.8,14171
143,1,33,15.5,15141
143,1,34,15.8,15151
143,1,35,16,15161
143,1,36,16.5,15191
143,1,37,16.8,15201
143,1,38,17.4,15221
143,1,39,17.7,16201
143,1,40,18,16011
143,1,41,18.5,16021
143,1,42,18.8,16031
143,1,43,19,16041
143,1,44,19.3,16051
143,1,45,19.5,16061
143,1,46,19.7,16071
143,1,47,20,16081
143,1,48,20.3,17011
143,1,49,20.6,17021
143,1,50,20.9,17381
143,1,51,21.2,17031
143,1,52,21.5,17041
143,1,53,22,17061
143,1,54,22.2,17071
143,1,55,22.6,20291
143,1,56,23.1,20281
143,1,57,23.7,20131
143,1,58,24.1,20141
143,1,59,24.3,20199
143,1,60,24.6,20189
143,1,61,24.9,20259
143,1,62,25.3,20161
143,1,63,25.6,20171
143,1,64,26,20239
143,1,65,26.2,20219
143,1,66,26.6,20209
143,1,67,26.9,20261
143,1,68,27.3,20271
143,1,69,27.6,28221
143,1,70,27.9,28231
143,1,71,28.3,28241
143,1,72,28.7,28439
143,1,73,29.2,28009
143,2,1,0,28009
143,2,2,0.3,28301
143,2,3,0.6,28431
143,2,4,0.9,28249
143,2,5,1.4,28239
143,2,6,2,28229
143,2,7,2.4,20269
143,2,8,2.8,20201
143,2,9,3,20211
143,2,10,3.4,20231
143,2,11,3.7,20179
143,2,12,4.1,20169
143,2,13,4.7,20181
143,2,14,4.9,20191
143,2,15,5.1,20149
143,2,16,5.5,20139
143,2,17,6,20289
143,2,18,6.5,20299
143,2,19,6.7,17079
143,2,20,7,17069
143,2,21,7.5,17049
143,2,22,7.9,17039
143,2,23,8.2,17389
143,2,24,8.5,17029
143,2,25,8.9,17019
143,2,26,9.2,16089
143,2,27,9.5,16079
143,2,28,9.8,16069
143,2,29,10.1,16059
143,2,30,10.3,16049
143,2,31,10.5,16039
143,2,32,10.8,16029
143,2,33,11.3,16019
143,2,34,11.5,16209
143,2,35,11.8,15229
143,2,36,12,15219
143,2,37,12.4,15209
143,2,38,12.7,15199
143,2,39,13.2,15169
143,2,40,13.4,15159
143,2,41,13.7,15149
143,2,42,14.1,14189
143,2,43,14.4,14179
143,2,44,14.8,14169
143,2,45,15.3,14159
143,2,46,15.7,14139
143,2,47,16.2,14129
143,2,48,16.5,14119
143,2,49,17.1,14011
143,2,50,17.7,14239
143,2,51,18,14229
143,2,52,18.5,10391
143,2,53,18.9,10049
143,2,54,19.3,10017
143,2,55,19.4,10018
143,2,56,19.8,05012
143,2,57,20.2,05013
143,2,58,20.5,06171
143,2,59,21.3,04321
143,2,60,21.6,04311
143,2,61,21.8,08011
143,2,62,22.3,08111
143,2,63,22.6,08121
143,2,64,23.3,09011
143,2,65,23.6,09023
143,2,66,24.2,09212
143,2,67,24.8,40171
143,2,68,25.1,40181
143,2,69,25.5,40121
143,2,70,25.8,50061
143,2,71,26.4,50031
143,2,72,26.7,50041
143,2,73,26.9,50051
143,2,74,27.2,51011
143,2,75,28.1,52071
143,2,76,28.8,52009
143M,1,1,0,28009
143M,1,2,0.3,28301
143M,1,3,0.6,28431
143M,1,4,0.9,28249
143M,1,5,1.4,28239
143M,1,6,2,28229
143M,1,7,2.4,20269
143M,1,8,2.8,20201
143M,1,9,3,20211
143M,1,10,3.4,20231
143M,1,11,3.7,20179
143M,1,12,4.1,20169
143M,1,13,4.5,20159
143M,1,14,4.8,20199
143M,1,15,5.1,20189
143M,1,16,5.4,20259
143M,1,17,5.8,20161
143M,1,18,6.1,20171
143M,1,19,6.5,20239
143M,1,20,6.7,20219
143M,1,21,7.1,20209
143M,1,22,7.4,20261
143M,1,23,7.8,20271
143M,1,24,8.1,28221
143M,1,25,8.4,28231
143M,1,26,8.8,28241
143M,1,27,9.2,28439
143M,1,28,9.7,28009
145,1,1,0,52009
145,1,2,1.1,52079
145,1,3,1.6,50161
145,1,4,1.9,50171
145,1,5,2.2,50191
145,1,6,2.4,50201
145,1,7,2.7,50211
145,1,8,2.9,50221
145,1,9,3.3,50231
145,1,10,3.6,50241
145,1,11,3.9,07249
145,1,12,4.2,07359
145,1,13,4.5,07369
145,1,14,4.7,07379
145,1,15,5,01339
145,1,16,5.4,01329
145,1,17,5.9,01229
145,1,18,6.3,01139
145,1,19,6.6,01039
145,1,20,6.8,01029
145,1,21,7.3,04167
145,1,22,7.6,04249
145,1,23,8,05029
145,1,24,8.4,05199
145,1,25,8.9,05269
145,1,26,9.3,05429
145,1,27,9.6,05419
145,1,28,9.8,05431
145,1,29,10.1,05649
145,1,30,10.4,14061
145,1,31,10.9,14071
145,1,32,11.3,14081
145,1,33,11.7,14101
145,1,34,12.5,14141
145,1,35,12.8,14121
145,1,36,13.2,14131
145,1,37,13.7,14151
145,1,38,14.3,14041
145,1,39,14.7,14051
145,1,40,15.2,14241
145,1,41,15.5,10331
145,1,42,16,10341
145,1,43,16.3,10351
145,1,44,16.6,10181
145,1,45,16.8,10191
145,1,46,17.1,10201
145,1,47,17.5,10281
145,1,48,17.9,10291
145,1,49,18.4,11131
145,1,50,18.6,11141
145,1,51,19.2,11151
145,1,52,19.8,11161
145,1,53,20.3,11171
145,1,54,20.8,11389
145,1,55,21,11379
145,2,1,0,11379
145,2,2,0.3,11189
145,2,3,0.5,11179
145,2,4,1.1,11169
145,2,5,1.9,11159
145,2,6,2.3,11149
145,2,7,2.6,11139
145,2,8,3.1,10299
145,2,9,3.9,10209
145,2,10,4.2,10199
145,2,11,4.5,10189
145,2,12,4.7,10359
145,2,13,5,10349
145,2,14,5.5,10339
145,2,15,5.7,14249
145,2,16,6.2,14059
145,2,17,6.6,14049
145,2,18,7.1,14159
145,2,19,7.5,14139
145,2,20,8,14129
145,2,21,8.3,14119
145,2,22,9,14109
145,2,23,9.4,14089
145,2,24,10.2,14069
145,2,25,10.8,05641
145,2,26,11,05651
145,2,27,11.2,05411
145,2,28,11.5,05421
145,2,29,11.7,05271
145,2,30,12.1,05241
145,2,31,12.8,05022
145,2,32,13.3,04222
145,2,33,13.6,04223
145,2,34,14.2,04151
145,2,35,14.6,01013
145,2,36,15,01113
145,2,37,15.4,01121
145,2,38,15.7,01211
145,2,39,16,01311
145,2,40,16.3,07371
145,2,41,16.6,07361
145,2,42,16.9,07351
145,2,43,17.2,07241
145,2,44,17.5,50249
145,2,45,17.7,50239
145,2,46,18.1,50229
145,2,47,18.5,50209
145,2,48,18.7,50199
145,2,49,19,50189
145,2,50,19.2,50179
145,2,51,19.5,50169
145,2,52,19.9,51011
145,2,53,20.8,52071
145,2,54,21.5,52009
145A,1,1,0,10209
145A,1,2,0.3,10199
145A,1,3,0.6,10189
145A,1,4,0.8,10359
145A,1,5,1.1,10349
145A,1,6,1.6,10339
145A,1,7,1.8,14249
147,1,1,0,64009
147,1,2,0.7,64041
147,1,3,1.1,64051
147,1,4,1.6,64071
147,1,5,2.1,64039
147,1,6,2.4,64369
147,1,7,2.7,64359
147,1,8,3.1,64349
147,1,9,3.4,63379
147,1,10,3.8,63389
147,1,11,4.1,63399
147,1,12,4.4,63319
147,1,13,4.7,63219
147,1,14,5,63209
147,1,15,5.4,63199
147,1,16,5.7,63189
147,1,17,5.9,63179
147,1,18,6.3,63369
147,1,19,6.7,66379
147,1,20,7.2,62139
147,1,21,7.5,62129
147,1,22,7.8,62119
147,1,23,8.1,61049
147,1,24,8.5,61039
147,1,25,8.8,61029
147,1,26,9.1,61019
147,1,27,9.4,60269
147,1,28,9.5,60209
147,1,29,10,60179
147,1,30,10.2,60159
147,1,31,10.5,60139
147,1,32,11,60119
147,1,33,11.5,60099
147,1,34,11.8,07329
147,1,35,12.1,07319
147,1,36,12.6,07419
147,1,37,12.9,07529
147,1,38,13.4,07518
147,1,39,13.8,04019
147,1,40,14.3,04159
147,1,41,14.6,04149
147,1,42,14.9,04229
147,1,43,15.1,04239
147,1,44,15.4,05059
147,1,45,15.6,05049
147,1,46,16,05039
147,1,47,16.3,05019
147,1,48,16.4,05069
147,1,49,16.8,10011
147,1,50,17.1,10041
147,1,51,17.5,10051
147,1,52,17.8,10061
147,1,53,18.2,10071
147,1,54,18.4,10501
147,1,55,18.7,10081
147,1,56,19.3,10091
147,1,57,19.8,10101
147,1,58,20.3,10111
147,1,59,20.6,10131
147,1,60,21.3,11021
147,1,61,21.6,11031
147,1,62,22.3,11041
147,1,63,22.7,11051
147,1,64,23.2,11161
147,1,65,23.7,11171
147,1,66,24.1,11181
147,1,67,24.6,11191
147,1,68,25.1,19011
147,1,69,25.5,19021
147,1,70,25.9,19031
147,1,71,26.3,19041
147,1,72,27,17151
147,1,73,27.3,17161
147,1,74,27.7,17171
147,1,75,27.9,17009
147,2,1,0,17009
147,2,2,0.6,17239
147,2,3,1.1,17159
147,2,4,1.6,19049
147,2,5,2.1,19039
147,2,6,2.6,19029
147,2,7,2.9,19019
147,2,8,3.3,11199
147,2,9,3.8,11189
147,2,10,4,11179
147,2,11,4.6,11169
147,2,12,5.2,11059
147,2,13,5.6,11049
147,2,14,6,11039
147,2,15,6.4,11029
147,2,16,7,11019
147,2,17,7.3,10139
147,2,18,7.6,10119
147,2,19,7.8,10109
147,2,20,8.3,10099
147,2,21,8.8,10089
147,2,22,9.4,10079
147,2,23,9.8,10069
147,2,24,10.1,10059
147,2,25,10.4,10049
147,2,26,10.8,10017
147,2,27,10.9,10018
147,2,28,11.3,05012
147,2,29,11.9,05022
147,2,30,12.4,04222
147,2,31,12.7,04223
147,2,32,13.1,04143
147,2,33,13.4,04121
147,2,34,13.8,08079
147,2,35,14,07011
147,2,36,14.4,07021
147,2,37,14.6,07031
147,2,38,15,07111
147,2,39,15.6,07211
147,2,40,15.9,07221
147,2,41,16.3,60101
147,2,42,16.6,60121
147,2,43,17,60141
147,2,44,17.3,60161
147,2,45,17.9,60201
147,2,46,18.1,60261
147,2,47,18.3,61011
147,2,48,18.6,61021
147,2,49,18.8,61031
147,2,50,19.1,61041
147,2,51,19.5,62111
147,2,52,19.7,62121
147,2,53,20,62131
147,2,54,20.6,66371
147,2,55,21,63361
147,2,56,21.4,63181
147,2,57,21.8,63191
147,2,58,22,63201
147,2,59,22.3,63211
147,2,60,22.7,63311
147,2,61,23.1,63391
147,2,62,23.4,63381
147,2,63,23.8,63371
147,2,64,24.1,64341
147,2,65,24.4,64351
147,2,66,24.7,64361
147,2,67,25.1,64031
147,2,68,25.6,64079
147,2,69,26.1,64059
147,2,70,26.4,64049
147,2,71,27.1,64009
147A,1,1,0,64009
147A,1,2,0.7,64041
147A,1,3,1.1,64051
147A,1,4,1.6,64071
147A,1,5,2.1,64039
147A,1,6,2.4,64369
147A,1,7,2.7,64359
147A,1,8,3.1,64349
147A,1,9,3.4,63379
147A,1,10,3.8,63389
147A,1,11,4.1,63399
147A,1,12,4.4,63319
147A,1,13,4.7,63219
147A,1,14,5,63209
147A,1,15,5.4,63199
147A,1,16,5.7,63189
147A,1,17,5.9,63179
147A,1,18,6.3,63369
147A,1,19,6.7,66379
147A,1,20,7.2,62139
147A,1,21,7.5,62129
147A,1,22,7.8,62119
147A,1,23,8.1,61049
147A,1,24,8.5,61039
147A,1,25,8.8,61029
147A,1,26,9.1,61019
147A,1,27,9.4,60269
147A,1,28,9.5,60209
147A,1,29,10,60179
147A,1,30,10.2,60159
147A,1,31,10.5,60139
147A,1,32,11,60119
147A,1,33,11.5,60099
147A,1,34,11.8,07329
147A,1,35,12.1,07319
147A,1,36,12.6,07419
147A,1,37,12.9,07529
147A,1,38,13.4,07518
147A,1,39,13.8,04019
147A,1,40,14.3,04159
147A,1,41,14.6,04149
147A,1,42,14.9,04229
147A,1,43,15.1,04239
147A,1,44,15.4,05059
147A,1,45,15.6,05049
147A,1,46,16,05039
147A,1,47,16.3,05019
14A,1,1,0,84009
14A,1,2,0.9,84359
14A,1,3,1.2,84211
14A,1,4,1.4,84221
14A,1,5,1.8,84231
14A,1,6,2.2,84241
14A,1,7,2.4,84281
14A,1,8,2.7,84061
14A,1,9,3.2,85091
14A,1,10,3.8,85049
14A,1,11,4.1,85039
14A,1,12,4.3,85029
14A,1,13,4.5,85019
14A,1,14,4.8,94079
14A,1,15,5.4,94069
14A,1,16,5.7,94059
14A,1,17,6.1,94049
14A,1,18,6.3,94089
14A,1,19,6.6,94039
14A,1,20,7,94029
14A,1,21,7.2,94019
14A,1,22,7.6,93099
14A,1,23,8.1,93089
14A,1,24,8.4,93079
14A,1,25,8.7,93069
14A,1,26,9.1,93059
14A,1,27,9.4,92159
14A,1,28,9.7,92149
14A,1,29,10,92139
14A,1,30,10.5,92129
14A,1,31,11,92119
14A,1,32,11.2,92109
14A,1,33,11.5,92099
14A,1,34,11.9,91079
14A,1,35,12.2,91069
14A,1,36,12.8,91059
14A,1,37,13,91049
14A,1,38,13.4,91091
14A,1,39,13.7,80271
14A,1,40,14.1,80141
14A,1,41,14.8,80219
14A,1,42,16.2,80169
14A,1,43,16.9,80159
14A,1,44,18,04111
14A,1,45,18.4,04121
14A,1,46,18.7,08041
14A,1,47,19,08031
14A,1,48,19.5,08111
14A,1,49,19.8,08121
14A,1,50,20.1,09059
14e,1,1,0,84211
14e,1,2,0.2,84221
14e,1,3,0.6,84231
14e,1,4,1,84241
14e,1,5,4.9,94049
14e,1,6,5.1,94089
14e,1,7,5.4,94039
14e,1,8,5.8,94029
14e,1,9,6,94019
14e,1,10,6.4,93099
14e,1,11,6.9,93089
14e,1,12,7.2,93079
14e,1,13,7.5,93069
14e,1,14,7.9,93059
14e,1,15,8.2,92159
14e,1,16,8.5,92149
14e,1,17,8.8,92139
14e,1,18,9.3,92129
14e,1,19,9.8,92119
14e,1,20,10,92109
14e,1,21,10.3,92099
14e,1,31,15.7,80159
14e,1,32,16.8,04111
14e,1,33,17.2,04121
14e,1,34,17.5,08041
14e,1,35,17.8,08031
14e,1,36,18.3,08111
14e,1,37,18.6,08121
14e,1,38,19.3,09011
14e,1,39,19.6,09023
14e,1,40,20.3,09048
14e,2,1,0,09048
14e,2,2,0.6,09038
14e,2,3,1,08138
14e,2,4,1.4,08057
14e,2,5,1.9,08069
14e,2,6,2.2,04179
14e,2,7,2.6,02049
14e,2,8,3.2,80151
14e,2,18,8.7,92091
14e,2,19,9,92101
14e,2,20,9.2,92111
14e,2,21,9.7,92121
14e,2,22,10.2,92131
14e,2,23,10.6,92141
14e,2,24,10.8,92151
14e,2,25,11.1,93051
14e,2,26,11.5,93061
14e,2,27,11.9,93071
14e,2,28,12.3,93081
14e,2,29,12.6,93091
14e,2,30,13,94011
14e,2,31,13.4,94021
14e,2,32,13.7,94031
14e,2,33,14.1,94041
14e,2,34,18.1,84249
14e,2,35,18.5,84239
14e,2,36,18.9,84229
14e,2,37,19.2,84219
15,1,1,0,77009
15,1,2,0.6,77139
15,1,3,1,77029
15,1,7,3.3,76191
15,1,8,3.8,76149
15,1,9,4.2,76139
15,1,10,4.8,76069
15,1,11,5.5,75059
15,1,12,5.9,75229
15,1,13,6.4,75239
15,1,14,6.8,75249
15,1,15,7.1,75259
15,1,16,9.6,84481
15,1,17,10.1,84701
15,1,18,10.4,72031
15,1,19,10.7,72041
15,1,20,11.1,72051
15,1,21,11.6,71091
15,1,22,12,72019
15,1,23,12.7,83119
15,1,24,12.9,83109
15,1,25,13.6,83299
15,1,26,14.1,83151
15,1,27,14.2,83139
15,1,28,14.4,83129
15,1,29,14.7,92209
15,1,30,15,92309
15,1,31,15.5,92069
15,1,32,15.9,92059
15,1,33,16.2,92049
15,1,34,17.3,92041
15,1,35,17.7,92051
15,1,36,18.1,92061
15,1,37,18.6,92301
15,1,38,19,92201
15,1,39,19.2,83121
15,1,40,19.5,83159
15,1,41,19.8,83169
15,1,42,20,83291
15,1,43,20.7,83101
15,1,44,21,83111
15,1,45,21.5,72011
15,1,46,21.8,71099
15,1,47,22.4,72059
15,1,48,22.8,72049
15,1,49,23.1,72039
15,1,50,23.4,84709
15,1,51,23.9,84489
15,1,52,26.2,75251
15,1,53,26.5,75241
15,1,54,26.9,75231
15,1,55,27.3,75221
15,1,56,27.8,75051
15,1,57,28.4,76061
15,1,58,28.9,76131
15,1,59,29.3,76141
15,1,60,29.7,76199
15,1,64,32.1,77021
15,1,65,32.3,77141
15,1,66,32.5,77131
15,1,67,33.1,77009
150,1,1,0,82009
150,1,2,0.5,82061
150,1,3,1.2,83299
150,1,4,1.7,83151
150,1,5,1.8,83139
150,1,6,2,83129
150,1,7,2.3,92209
150,1,8,2.6,92309
150,1,9,3.2,92239
150,1,10,3.7,92229
150,1,11,4,92219
150,1,12,4.3,92079
150,1,13,4.7,92301
150,1,14,5.1,92201
150,1,15,5.3,83121
150,1,16,5.6,83159
150,1,17,5.9,83169
150,1,18,6.1,83291
150,1,19,6.6,82069
150,1,20,7.1,82221
150,1,21,7.8,82009
151,1,1,0,64009
151,1,2,0.7,64249
151,1,3,1.2,64239
151,1,4,1.7,64209
151,1,5,2,63071
151,1,6,2.3,63081
151,1,7,2.7,63091
151,1,8,3,63101
151,1,9,3.4,62231
151,1,10,3.7,62241
151,1,11,4.1,71051
151,1,12,4.9,71029
151,1,13,5.4,71179
151,1,14,6,70149
151,1,15,6.4,70139
151,1,16,6.7,70129
151,1,17,7,70119
151,1,18,7.4,70109
151,1,19,7.8,60219
151,1,20,8.4,60089
151,1,21,9.1,52089
151,1,22,11,52079
151,1,23,12.2,51099
151,1,24,13.1,40249
151,1,25,13.4,40239
151,1,26,13.9,40091
151,1,27,14.4,41011
151,1,28,14.8,41021
151,1,29,15.2,41031
151,1,30,15.4,41041
151,1,31,15.8,41051
151,1,32,16,41061
151,1,33,16.4,41071
151,1,34,17,41081
151,1,35,17.3,42011
151,1,36,17.6,42021
151,1,37,17.9,42031
151,1,38,18.3,42041
151,1,39,18.8,42051
151,1,40,19.1,42061
151,1,41,19.4,42149
151,1,42,20,12109
151,1,43,20.4,12099
151,1,44,20.6,12089
151,1,45,21.1,12079
151,1,46,21.4,12069
151,1,47,21.9,17119
151,1,48,22.1,17109
151,1,49,22.9,17099
151,1,50,24,16161
151,1,51,24.3,16171
151,1,52,24.7,16181
151,1,53,24.9,16191
151,1,54,25.2,16009
151,2,1,0,16009
151,2,2,0.6,16199
151,2,3,0.8,16189
151,2,4,1.1,16179
151,2,5,1.5,16169
151,2,6,2.6,17091
151,2,7,3.2,17101
151,2,8,3.6,17111
151,2,9,4,12061
151,2,10,4.3,12071
151,2,11,4.8,12081
151,2,12,5.2,12091
151,2,13,5.6,12101
151,2,14,6,42141
151,2,15,6.6,42059
151,2,16,6.8,42049
151,2,17,7.2,42039
151,2,18,7.7,42029
151,2,19,8.2,42019
151,2,20,8.6,41089
151,2,21,9,41079
151,2,22,9.6,41069
151,2,23,10,41049
151,2,24,10.7,41029
151,2,25,11.2,41019
151,2,26,11.6,40099
151,2,27,11.9,40231
151,2,28,13.4,51091
151,2,29,13.8,51101
151,2,30,14.6,52071
151,2,31,16.5,52081
151,2,32,17.2,60081
151,2,33,17.7,60211
151,2,34,18.1,70101
151,2,35,18.5,70111
151,2,36,19,70121
151,2,37,19.4,70131
151,2,38,19.7,70141
151,2,39,20.1,71011
151,2,40,20.3,71171
151,2,41,20.7,71021
151,2,42,21,71069
151,2,43,21.4,71059
151,2,44,21.8,62249
151,2,45,22.2,62239
151,2,46,22.6,63109
151,2,47,22.9,63099
151,2,48,23.3,63089
151,2,49,23.7,63079
151,2,50,24,64201
151,2,51,24.5,64231
151,2,52,24.9,64241
151,2,53,25.7,64009
151e,1,1,0,64009
151e,1,2,0.7,64249
151e,1,3,1.2,64239
151e,1,4,1.7,64209
151e,1,5,2,63071
151e,1,6,2.3,63081
151e,1,7,2.7,63091
151e,1,8,3,63101
151e,1,21,9.1,52089
151e,1,22,11,52079
151e,1,40,19.4,42149
151e,1,41,20,12109
151e,1,42,20.4,12099
151e,1,43,20.6,12089
151e,1,44,21.1,12079
151e,1,45,21.4,12069
151e,1,46,21.9,17119
151e,1,47,22.1,17109
151e,1,48,22.9,17099
151e,1,49,24,16161
151e,1,50,24.3,16171
151e,1,51,24.7,16181
151e,1,52,24.9,16191
151e,1,53,25.2,16009
151e,2,1,0,16009
151e,2,2,0.6,16199
151e,2,3,0.8,16189
151e,2,4,1.1,16179
151e,2,5,1.5,16169
151e,2,6,2.6,17091
151e,2,7,3.2,17101
151e,2,8,3.6,17111
151e,2,9,4,12061
151e,2,10,4.3,12071
151e,2,11,4.8,12081
151e,2,12,5.2,12091
151e,2,13,5.6,12101
151e,2,14,6,42141
151e,2,30,14.6,52071
151e,2,31,16.5,52081
151e,2,46,22.6,63109
151e,2,47,22.9,63099
151e,2,48,23.3,63089
151e,2,49,23.7,63079
151e,2,50,24,64201
151e,2,51,24.5,64231
151e,2,52,24.9,64241
151e,2,53,25.7,64009
153,1,1,0,10009
153,1,2,0.4,10659
153,1,3,0.6,10101
153,1,4,1.1,10111
153,1,5,1.4,10131
153,1,6,2.1,11021
153,1,7,2.4,11031
153,1,8,3.1,11041
153,1,9,3.5,11051
153,1,10,3.9,11061
153,1,11,4.3,11071
153,1,12,4.6,11081
153,1,13,5,11091
153,1,14,5.5,11101
153,1,15,5.8,11111
153,1,16,6,41101
153,1,17,6.4,41111
153,1,18,7.1,41029
153,1,19,7.6,41019
153,1,20,8,40099
153,1,21,8.3,40231
153,1,22,9.8,51091
153,1,23,10.2,51101
153,1,24,11,52071
153,1,25,11.6,52181
153,1,26,11.8,52231
153,1,27,12.4,52271
153,1,28,13,52369
153,1,29,13.8,52051
153,1,30,14.3,52061
153,1,31,14.8,66061
153,1,32,15.3,66071
153,1,33,15.6,66081
153,1,34,15.9,62111
153,1,35,16.1,62121
153,1,36,16.4,62131
153,1,37,16.8,62141
153,1,38,17.3,63011
153,1,39,17.8,63021
153,1,40,18.4,63031
153,1,41,18.7,63041
153,1,42,18.9,63051
153,1,43,19.2,63061
153,1,44,19.4,64011
153,1,45,20.1,64009
153,2,1,0,64009
153,2,2,0.7,64019
153,2,3,1,63069
153,2,4,1.3,63059
153,2,5,1.7,63049
153,2,6,2.1,63039
153,2,7,2.6,63029
153,2,8,3.2,63019
153,2,9,3.5,62149
153,2,10,3.9,62139
153,2,11,4.2,62129
153,2,12,4.5,62119
153,2,13,4.9,66089
153,2,14,5.3,66079
153,2,15,5.9,66069
153,2,16,6.4,52069
153,2,17,6.6,52059
153,2,18,7.2,52361
153,2,19,7.8,52279
153,2,20,8.4,52239
153,2,21,8.7,52189
153,2,22,9.8,52079
153,2,23,11,51099
153,2,24,11.9,40249
153,2,25,12.2,40239
153,2,26,12.7,40091
153,2,27,13.2,41011
153,2,28,13.6,41021
153,2,29,14.1,41119
153,2,30,14.4,41109
153,2,31,14.8,11119
153,2,32,15.1,11109
153,2,33,15.4,11099
153,2,34,15.8,11089
153,2,35,16.3,11079
153,2,36,16.6,11069
153,2,37,17,11059
153,2,38,17.4,11049
153,2,39,17.8,11039
153,2,40,18.2,11029
153,2,41,18.8,11019
153,2,42,19.1,10139
153,2,43,19.4,10119
153,2,44,20,10651
153,2,45,20.3,10009
154,1,1,0,22009
154,1,2,0.9,21699
154,1,3,1.1,21689
154,1,4,1.7,28099
154,1,5,2.4,21669
154,1,6,2.8,21659
154,1,7,3.1,21649
154,1,8,3.4,21639
154,1,9,3.8,21759
154,1,10,4,21769
154,1,11,4.3,21779
154,1,12,4.7,21559
154,1,13,4.9,21179
154,1,14,5.4,21029
154,1,15,6,21019
154,1,16,7.4,20089
154,1,17,8,20069
154,1,18,8.4,20059
154,1,19,9.2,20039
154,1,20,9.7,20029
154,1,21,10.3,17059
154,1,22,10.7,17189
154,1,23,11,17179
154,1,24,11.3,17169
154,1,25,11.7,17159
154,1,26,12.2,17101
154,1,27,12.6,17111
154,1,28,13,12061
154,1,29,13.3,12071
154,1,30,13.8,12081
154,1,31,14.2,12091
154,1,32,14.6,12101
154,1,33,15,42141
154,1,34,15.6,42059
154,1,35,15.8,42049
154,1,36,16.2,42039
154,1,37,16.7,42029
154,1,38,17.2,42019
154,1,39,17.6,41089
154,1,40,18,41079
154,1,41,18.6,41069
154,1,42,19,41049
154,1,43,19.7,41029
154,1,44,20.2,41019
154,1,45,20.6,40099
154,1,46,20.9,40231
154,1,47,22.4,51091
154,1,48,22.8,51101
154,1,49,23.6,52071
154,1,50,25.5,52081
154,1,51,26.2,60081
154,1,52,26.7,60211
154,1,53,27.1,70101
154,1,54,27.5,70111
154,1,55,28,70039
154,1,56,28.3,70151
154,1,57,28.6,70161
154,1,58,29,70171
154,1,59,29.2,70181
154,1,60,29.4,70191
154,1,61,29.6,70371
154,1,62,29.9,70259
154,1,63,30.3,81101
154,1,64,30.6,81111
154,1,65,31.1,82011
154,1,66,31.3,82032
154,1,67,32,82009
154,2,1,0,82009
154,2,2,0.4,82229
154,2,3,0.7,82049
154,2,4,1.1,82029
154,2,6,1.6,81129
154,2,7,1.9,81119
154,2,8,2.2,81109
154,2,9,2.7,70251
154,2,10,2.9,70379
154,2,11,3.1,70201
154,2,12,3.5,70211
154,2,13,4,70221
154,2,14,4.4,70231
154,2,15,4.7,70241
154,2,16,5,70021
154,2,17,5.3,70031
154,2,18,5.7,70119
154,2,19,6.1,70109
154,2,20,6.5,60219
154,2,21,7.1,60089
154,2,22,7.8,52089
154,2,23,9.7,52079
154,2,24,10.9,51099
154,2,25,11.8,40249
154,2,26,12.1,40239
154,2,27,12.6,40091
154,2,28,13.1,41011
154,2,29,13.5,41021
154,2,30,13.9,41031
154,2,31,14.1,41041
154,2,32,14.5,41051
154,2,33,14.7,41061
154,2,34,15.1,41071
154,2,35,15.7,41081
154,2,36,16,42011
154,2,37,16.3,42021
154,2,38,16.6,42031
154,2,39,17,42041
154,2,40,17.5,42051
154,2,41,17.8,42061
154,2,42,18.1,42149
154,2,43,18.7,12109
154,2,44,19.1,12099
154,2,45,19.3,12089
154,2,46,19.8,12079
154,2,47,20.1,12069
154,2,48,20.6,17119
154,2,49,20.8,17109
154,2,50,21.5,17151
154,2,51,21.8,17161
154,2,52,22.2,17171
154,2,53,22.5,17181
154,2,54,22.8,17051
154,2,55,23.9,20021
154,2,56,24.4,20031
154,2,57,25.2,20051
154,2,58,25.7,20061
154,2,59,26.3,20081
154,2,60,27.5,21011
154,2,61,28,21021
154,2,62,28.8,21171
154,2,63,29.1,21551
154,2,64,29.4,21771
154,2,65,29.7,21761
154,2,66,30,21751
154,2,67,30.3,21631
154,2,68,30.6,21641
154,2,69,30.9,21651
154,2,70,31.4,21661
154,2,71,31.9,28091
154,2,72,32.6,21681
154,2,73,32.9,21691
154,2,74,33.8,22009
154A,1,1,29.1,21551
154A,1,2,29.4,21771
154A,1,3,29.7,21761
154A,1,4,30,21751
154A,1,5,30.3,21631
154A,1,6,30.6,21641
154A,1,7,30.9,21651
154A,1,8,31.4,21661
154A,1,9,31.9,28091
154B,1,1,0,22009
154B,1,2,0.9,21699
154B,1,3,1.1,21689
154B,1,4,1.7,28099
154B,1,5,2.4,21669
154B,1,6,2.8,21659
154B,1,7,3.1,21649
154B,1,8,3.4,21639
154B,1,9,3.8,21759
154B,1,10,4,21769
154B,1,11,4.3,21779
154B,1,12,4.7,21559
154B,1,13,4.9,21179
154B,1,14,5.4,21029
154B,1,15,6,21019
154B,1,16,7.4,20089
154B,1,17,8,20069
154B,1,18,8.4,20059
154B,1,19,9.2,20039
154B,1,20,9.7,20029
154B,1,21,10.3,17059
154B,1,22,10.7,17189
154B,1,23,11,17179
154B,1,24,11.3,17169
154B,1,25,11.7,17159
154B,1,26,12.2,17101
154B,1,27,12.6,17111
154B,1,28,13,12061
154B,1,29,13.3,12071
154B,1,30,13.8,12081
154B,1,31,14.2,12091
154B,1,32,14.6,12101
155,1,1,0,52009
155,1,2,0.5,52509
155,1,3,0.8,52251
155,1,4,1.3,52271
155,1,5,1.9,52369
155,1,6,2.7,52051
155,1,7,3.2,52061
155,1,8,3.7,66061
155,1,9,4.2,66071
155,1,10,4.7,61049
155,1,11,5.1,61039
155,1,12,5.5,70069
155,1,13,6.2,70059
155,1,14,6.4,70049
155,1,15,6.8,70039
155,1,16,7.1,70151
155,1,17,7.4,70161
155,1,18,7.8,70171
155,1,19,8,70181
155,1,20,8.2,70191
155,1,21,8.5,70201
155,1,22,8.9,70211
155,1,23,9.4,70221
155,1,24,9.8,70231
155,1,25,10.1,70241
155,1,26,10.5,70019
155,1,27,10.9,81099
155,1,28,11.1,81201
155,1,29,11.5,81211
155,1,30,11.9,81221
155,1,31,12.3,81111
155,1,32,12.8,82011
155,1,33,13,82032
155,1,34,13.6,82061
155,1,35,14.3,83299
155,1,36,14.8,83151
155,1,37,14.9,83139
155,1,38,15.1,83129
155,1,39,15.4,92209
155,1,40,15.8,92141
155,1,41,16,92151
155,1,42,16.3,93051
155,1,43,16.7,93061
155,1,44,17,93129
155,1,45,17.4,93031
155,1,46,18.1,93041
155,1,47,18.4,93139
155,1,48,18.8,84159
155,1,49,19.4,84169
155,1,50,20,84041
155,1,51,20.2,84191
155,1,52,20.5,84351
155,1,53,21.2,84009
155,2,1,0,84009
155,2,2,0.9,84359
155,2,3,1.3,84199
155,2,4,1.5,84049
155,2,5,2,84161
155,2,6,2.6,84151
155,2,7,3.1,93131
155,2,8,3.4,93049
155,2,9,3.8,93039
155,2,10,4.1,93201
155,2,11,4.5,93121
155,2,12,4.9,93069
155,2,13,5.3,93059
155,2,14,5.6,92159
155,2,15,5.9,92149
155,2,16,6.3,92201
155,2,17,6.5,83121
155,2,18,6.9,83131
155,2,19,7.1,83141
155,2,20,7.4,83029
155,2,21,7.8,82069
155,2,22,8.3,82049
155,2,23,8.7,82029
155,2,24,9.2,81129
155,2,25,9.5,81119
155,2,26,9.8,81229
155,2,27,10.2,81219
155,2,28,10.5,81209
155,2,29,10.9,81091
155,2,30,11.3,70011
155,2,31,11.9,70151
155,2,32,12.2,70161
155,2,33,12.6,70171
155,2,34,12.8,70181
155,2,35,13,70191
155,2,36,13.3,70201
155,2,37,13.7,70211
155,2,38,14.2,70221
155,2,39,14.6,70231
155,2,40,14.9,70241
155,2,41,15.2,70021
155,2,42,15.5,70031
155,2,43,16,70041
155,2,44,16.3,70051
155,2,45,16.8,70061
155,2,46,17.3,61031
155,2,47,17.6,61041
155,2,48,17.8,66089
155,2,49,18.2,66079
155,2,50,18.8,66069
155,2,51,19.3,52069
155,2,52,19.5,52059
155,2,53,20.1,52361
155,2,54,20.7,52279
155,2,55,21.2,52259
155,2,56,21.6,52501
155,2,57,22,52009
156,1,1,0,67009
156,1,2,0.2,67409
156,1,3,0.6,67441
156,1,4,1.1,67271
156,1,5,1.4,67461
156,1,6,1.8,67451
156,1,7,2,64621
156,1,8,2.3,64461
156,1,9,2.6,66499
156,1,10,3.1,66489
156,1,11,3.6,64119
156,1,12,4.1,64109
156,1,13,4.5,63219
156,1,14,4.8,63209
156,1,15,5.2,63199
156,1,16,5.5,63189
156,1,17,5.7,63179
156,1,18,6.1,63369
156,1,19,6.5,66059
156,1,20,6.9,66049
156,1,21,7.2,66039
156,1,22,7.9,66099
156,1,23,8.8,54109
156,1,24,9.4,54531
156,1,25,9.7,53241
156,1,26,10.3,53231
156,1,27,10.7,53211
156,1,28,11.4,52019
156,1,29,11.9,51139
156,1,30,12.4,51069
156,1,31,12.9,51059
156,1,32,13.3,51049
156,1,33,13.6,51039
156,1,34,13.8,51029
156,1,35,14.4,51109
156,1,36,15,51099
156,1,37,15.9,40249
156,1,38,16.2,40239
156,1,39,16.7,40091
156,1,40,17.2,41011
156,1,41,17.6,41021
156,1,42,18,41031
156,1,43,18.2,41041
156,1,44,18.6,41051
156,1,45,18.8,41061
156,1,46,19.2,41071
156,1,47,19.8,41081
156,1,48,20.2,42129
156,1,49,20.4,42139
156,1,50,20.8,11349
156,1,51,21,11339
156,1,52,21.2,11329
156,1,53,21.5,11319
156,1,54,21.7,11309
156,1,55,22.1,11291
156,1,56,22.5,12021
156,1,57,22.9,12031
156,1,58,23.3,12041
156,1,59,23.6,12051
156,1,60,23.8,12111
156,1,61,24.5,17249
156,1,62,25,17161
156,1,63,25.4,17171
156,1,64,25.6,17009
156,2,1,0,17009
156,2,2,0.6,17239
156,2,3,1.2,17241
156,2,4,1.9,12119
156,2,5,2.1,12059
156,2,6,2.4,12049
156,2,7,2.8,12039
156,2,8,3.1,12029
156,2,9,3.5,11299
156,2,10,3.8,11301
156,2,11,4.1,11311
156,2,12,4.3,11321
156,2,13,4.6,11331
156,2,14,4.9,11341
156,2,15,5.3,42131
156,2,16,5.8,42019
156,2,17,6.2,41089
156,2,18,6.6,41079
156,2,19,7.2,41069
156,2,20,7.6,41049
156,2,21,8.3,41029
156,2,22,8.8,41019
156,2,23,9.2,40099
156,2,24,9.5,40231
156,2,25,11,51091
156,2,26,11.4,51101
156,2,27,11.9,51021
156,2,28,12.1,51031
156,2,29,12.3,51041
156,2,30,12.7,51051
156,2,31,13.4,51071
156,2,32,13.8,51131
156,2,33,14.2,52011
156,2,34,14.8,53219
156,2,35,15.4,53239
156,2,36,15.9,53249
156,2,37,16.3,54539
156,2,38,17,54101
156,2,39,17.9,66091
156,2,40,18.4,66031
156,2,41,18.9,66041
156,2,42,19.2,66051
156,2,43,19.6,63361
156,2,44,20,63181
156,2,45,20.4,63191
156,2,46,20.6,63201
156,2,47,20.9,63211
156,2,48,21.4,64101
156,2,49,21.8,64111
156,2,50,22.3,66481
156,2,51,22.8,66491
156,2,52,23.1,64469
156,2,53,23.5,64629
156,2,54,23.7,67459
156,2,55,24,67469
156,2,56,24.3,67279
156,2,57,24.7,67449
156,2,58,25.1,67401
156,2,59,25.5,67181
156,2,60,26,67009
157,1,1,0,52009
157,1,2,0.5,52509
157,1,3,1,52261
157,1,4,1.4,52271
157,1,5,2,52369
157,1,6,2.6,52039
157,1,7,3.1,52029
157,1,8,3.5,52019
157,1,9,4,51139
157,1,10,4.5,51079
157,1,11,5,51119
157,1,12,5.7,40269
157,1,13,6.2,40259
157,1,14,6.6,41159
157,1,15,7.6,41169
157,1,16,8.4,41139
157,1,17,8.9,41129
157,1,18,9.3,41031
157,1,19,9.5,41041
157,1,20,9.9,41051
157,1,21,10.1,41061
157,1,22,10.5,41071
157,1,23,11.1,41081
157,1,24,11.4,42011
157,1,25,11.7,42021
157,1,26,12,42031
157,1,27,12.4,42041
157,1,28,12.9,42051
157,1,29,13.2,42061
157,1,30,13.6,42071
157,1,31,13.9,42151
157,1,32,14.2,42161
157,1,33,14.6,42171
157,1,34,14.9,42181
157,1,35,15.3,42191
157,1,36,15.6,43201
157,1,37,16.2,43191
157,1,38,16.6,43181
157,1,39,17,43171
157,1,40,17.6,43419
157,1,41,18,43401
157,1,42,18.4,43531
157,1,43,18.8,43341
157,1,44,19.3,43453
157,1,45,19.7,28299
157,1,46,20,28451
157,1,47,20.4,28461
157,1,48,20.9,28491
157,1,49,21.3,28501
157,1,50,21.7,28511
157,1,51,22,28521
157,1,52,22.3,28401
157,1,53,22.6,28531
157,1,54,23.1,21161
157,1,55,23.6,21389
157,1,56,24.3,21379
157,1,57,24.6,21369
157,1,58,25.5,22009
157,2,1,0,22009
157,2,2,0.6,21361
157,2,3,0.9,21371
157,2,4,1.6,21381
157,2,5,2.2,21169
157,2,6,2.6,28539
157,2,7,2.9,28409
157,2,8,3.2,28529
157,2,9,3.7,28519
157,2,10,3.9,28509
157,2,11,4.4,28499
157,2,12,4.8,28469
157,2,13,5.2,28459
157,2,14,5.5,28291
157,2,15,6,43459
157,2,16,6.5,43349
157,2,17,6.9,43539
157,2,18,7.2,43409
157,2,19,7.7,43411
157,2,20,8.3,43179
157,2,21,8.7,43189
157,2,22,9.1,43199
157,2,23,9.6,43209
157,2,24,10.1,42199
157,2,25,10.4,42189
157,2,26,10.7,42179
157,2,27,11.1,42169
157,2,28,11.3,42159
157,2,29,11.6,42259
157,2,30,12,42089
157,2,31,12.7,42059
157,2,32,12.9,42049
157,2,33,13.3,42039
157,2,34,13.8,42029
157,2,35,14.3,42019
157,2,36,14.7,41089
157,2,37,15.1,41079
157,2,38,15.7,41069
157,2,39,16.1,41049
157,2,40,16.6,41121
157,2,41,17.1,41131
157,2,42,17.8,41141
157,2,43,18.2,41151
157,2,44,18.7,40251
157,2,45,19.2,40261
157,2,46,19.9,51111
157,2,47,20.3,51071
157,2,48,20.7,51131
157,2,49,21.1,52011
157,2,50,21.6,52021
157,2,51,21.9,52031
157,2,52,22.8,52361
157,2,53,23.4,52279
157,2,54,23.8,52269
157,2,55,24.3,52501
157,2,56,24.7,52009
158,1,1,0,66009
158,1,3,0.8,62179
158,1,4,1.1,62169
158,1,5,1.4,62159
158,1,6,1.7,62089
158,1,7,1.9,62079
158,1,8,2.1,62069
158,1,9,2.7,70309
158,1,10,2.9,70299
158,1,11,3.2,70289
158,1,12,3.7,70279
158,1,13,4,70269
158,1,14,4.3,70379
158,1,15,4.5,70201
158,1,16,4.9,70211
158,1,17,5.4,70221
158,1,18,5.8,70231
158,1,19,6.1,70241
158,1,20,6.5,70019
158,1,21,6.9,81099
158,1,22,7.3,81089
158,1,23,7.8,80089
158,1,24,8.2,80069
158,1,25,8.6,80119
158,1,26,9.2,80149
158,1,27,9.7,80279
158,1,28,10,91099
158,1,29,10.5,91089
158,1,30,10.9,90069
158,1,31,11.3,90059
158,1,32,11.8,90039
158,1,33,12.3,90029
158,1,34,12.5,90019
158,1,35,12.9,90079
158,1,36,13.2,90011
158,1,37,13.4,90021
158,1,38,13.9,90031
158,1,39,14.4,90051
158,1,40,14.8,90061
158,1,41,15.3,91081
158,1,42,15.8,91091
158,1,43,16.1,80271
158,1,44,16.5,80141
158,1,45,17.1,80111
158,1,46,17.7,80071
158,1,47,18.2,80091
158,1,48,18.4,81081
158,1,49,18.8,81091
158,1,50,19.2,70011
158,1,51,19.8,70151
158,1,52,20.1,70161
158,1,53,20.5,70171
158,1,54,20.7,70181
158,1,55,20.9,70191
158,1,56,21.1,70371
158,1,57,21.4,70261
158,1,58,21.6,70271
158,1,59,22.2,70281
158,1,60,22.5,70291
158,1,61,22.8,70301
158,1,62,23.3,62061
158,1,63,23.6,62071
158,1,64,24.2,62151
158,1,65,24.5,62161
158,1,66,24.7,62171
158,1,67,25,62139
158,1,68,25.5,66009
158A,1,1,0,81089
158A,1,2,0.5,80089
158A,1,3,0.9,80069
158A,1,4,1.3,80119
158A,1,5,1.9,80149
158A,1,6,2.4,80279
158A,1,7,2.7,91099
158A,1,8,3.2,91089
158A,1,9,3.6,90069
158A,1,10,4,90059
158A,1,11,4.5,90039
158A,1,12,5,90029
158A,1,13,5.2,90019
158A,1,14,5.6,90079
158A,1,15,5.9,90011
158A,1,16,6.1,90021
158A,1,17,6.6,90031
158A,1,18,7.1,90051
158A,1,19,7.5,90061
158A,1,20,8,91081
158A,1,21,8.5,91091
158A,1,22,8.8,80271
158A,1,23,9.2,80141
158A,1,24,9.8,80111
158A,1,25,10.4,80071
158A,1,26,10.9,80091
158A,1,27,11.1,81081
159,1,1,0,67009
159,1,2,0.2,67409
159,1,3,0.6,67441
159,1,4,1.1,67271
159,1,5,1.4,67461
159,1,6,1.8,67451
159,1,7,2,64621
159,1,8,2.3,64461
159,1,9,2.6,64619
159,1,10,2.8,64609
159,1,11,3.1,64479
159,1,12,3.4,64489
159,1,13,3.7,64499
159,1,14,4.1,66539
159,1,15,4.3,66529
159,1,16,4.7,66519
159,1,17,4.9,66459
159,1,18,5.3,54659
159,1,19,5.8,54509
159,1,20,6,54499
159,1,21,6.6,54489
159,1,22,6.9,54479
159,1,23,7.2,54359
159,1,24,7.6,54349
159,1,25,8,54399
159,1,26,8.5,54339
159,1,27,8.9,54329
159,1,28,9.2,54319
159,1,29,9.8,54101
159,1,30,10.7,66091
159,1,31,11.6,66029
159,1,32,12.1,66019
159,1,33,12.6,52069
159,1,34,12.8,52059
159,1,35,13.4,52361
159,1,36,14,52279
159,1,37,14.5,52259
159,1,38,14.9,52501
159,1,39,15.3,52009
159,2,1,0,52009
159,2,2,0.5,52509
159,2,3,0.8,52251
159,2,4,1.3,52271
159,2,5,1.9,52369
159,2,6,2.7,52051
159,2,7,3.2,52061
159,2,8,3.8,66011
159,2,9,4.3,66021
159,2,10,5,66099
159,2,11,5.9,54109
159,2,12,6.5,54311
159,2,13,6.8,54321
159,2,14,7.2,54331
159,2,15,7.8,54391
159,2,16,8.2,54341
159,2,17,8.7,54351
159,2,18,9.1,54471
159,2,19,9.4,54481
159,2,20,9.9,54491
159,2,21,10.1,54501
159,2,22,10.5,54651
159,2,23,10.8,66451
159,2,24,11.5,66511
159,2,25,11.8,66521
159,2,26,11.9,66531
159,2,27,12.4,64491
159,2,28,12.6,64481
159,2,29,12.9,64471
159,2,30,13.1,64601
159,2,31,13.4,64611
159,2,32,13.6,64469
159,2,33,14,64629
159,2,34,14.2,67459
159,2,35,14.5,67469
159,2,36,14.8,67279
159,2,37,15.2,67449
159,2,38,15.6,67401
159,2,39,16,67181
159,2,40,16.5,67009
159A,1,1,0,67009
159A,1,2,0.2,67409
159A,1,3,0.6,67441
159A,1,4,1.1,67271
159A,1,5,1.4,67461
159A,1,6,1.8,67451
159A,1,7,2,64621
159A,1,8,2.3,64461
159A,1,9,2.6,64619
159A,1,10,2.8,64609
159A,1,11,3.1,64479
159A,1,12,3.4,64489
159A,1,13,3.7,64499
159A,1,14,4.1,66539
159A,1,15,4.3,66529
159A,1,16,4.7,66519
159A,1,17,4.9,66459
159A,1,18,5.3,54659
159A,1,19,5.8,54509
159A,1,20,6,54499
159A,1,21,6.6,54489
159A,1,22,6.9,54479
159A,1,23,7.2,54359
159A,1,24,7.6,54349
159A,1,25,8,54399
159B,1,1,0,54391
159B,1,2,0.4,54341
159B,1,3,0.9,54351
159B,1,4,1.3,54471
159B,1,5,1.6,54481
15A,1,1,0,77009
15A,1,2,0.6,77139
15A,1,3,1,77029
15A,1,8,3.3,76191
15A,1,9,3.8,76149
15A,1,10,4.2,76139
15A,1,11,4.8,76069
15A,1,12,5.5,75059
15A,1,13,5.9,75229
15A,1,14,6.4,75239
15A,1,15,6.8,75249
15A,1,16,7.1,75259
15A,1,18,9.6,84481
15A,1,19,10.1,84701
15A,1,20,10.4,72031
15A,1,21,10.7,72041
15A,1,22,11.1,72051
15A,1,23,11.6,71091
15A,1,24,12,72019
15A,1,25,12.7,83119
15A,1,26,12.9,83109
16,1,1,0,84009
16,1,2,0.7,84139
16,1,3,1.3,84129
16,1,4,1.8,84151
16,1,5,2.4,93099
16,1,6,2.9,93089
16,1,7,3.2,93079
16,1,8,3.5,93129
16,1,9,3.9,93029
16,1,10,4.3,93019
16,1,11,4.7,92089
16,1,12,4.9,92211
16,1,13,5.2,92221
16,1,14,5.6,92231
16,1,15,5.9,92069
16,1,16,6.3,92059
16,1,17,6.7,92181
16,1,18,7.1,92171
16,1,19,7.6,82139
16,1,20,7.9,82129
16,1,21,8.6,81199
16,1,22,8.9,81189
16,1,23,9.4,81179
16,1,24,10,80141
16,1,25,10.7,80219
16,1,26,12.1,80169
16,1,27,12.8,80159
16,1,28,13.9,04111
16,1,29,14.3,04121
16,1,30,14.6,08041
16,1,31,14.9,08031
16,1,32,15.4,08111
16,1,33,15.7,08121
16,1,34,16,09059
16,1,35,16.5,09022
16,1,36,16.9,13199
16,1,37,17.4,13159
16,1,38,17.8,13139
16,1,39,18,13119
16,1,40,18.4,06129
16,1,41,18.9,06069
16,1,42,19.3,06051
16,1,43,19.6,10141
16,1,44,20,10151
16,1,45,20.2,10161
16,1,46,20.6,10171
16,1,47,20.8,10359
16,1,48,21.1,10349
16,1,49,21.8,10009
16,2,1,0,10009
16,2,2,0.7,10341
16,2,3,1,10351
16,2,4,1.3,10179
16,2,5,1.8,10169
16,2,6,2.4,10149
16,2,7,2.6,06071
16,2,8,2.8,06081
16,2,9,3.3,06131
16,2,10,3.6,13121
16,2,11,4,13141
16,2,12,4.6,13191
16,2,13,5.3,09048
16,2,14,5.9,09038
16,2,15,6.3,08138
16,2,16,6.7,08057
16,2,17,7.2,08069
16,2,18,7.5,04179
16,2,19,7.9,02049
16,2,20,8.5,80151
16,2,21,9.2,80161
16,2,22,10.8,80211
16,2,23,11.4,80149
16,2,24,12,81171
16,2,25,12.5,81181
16,2,26,12.9,81191
16,2,27,13.5,82121
16,2,28,13.9,82131
16,2,29,14.4,92179
16,2,30,14.9,92189
16,2,31,15.2,92051
16,2,32,15.6,92061
16,2,33,16,92239
16,2,34,16.5,92071
16,2,35,16.8,92081
16,2,36,17.2,93011
16,2,37,17.6,93021
16,2,38,18,93121
16,2,39,18.5,93071
16,2,40,18.9,93081
16,2,41,19.2,93091
16,2,42,19.6,84159
16,2,43,20,84121
16,2,44,20.7,84131
16,2,45,21.5,84009
160,1,1,0,28009
160,1,3,0.5,28441
160,1,4,0.8,28071
160,1,5,1.1,28081
160,1,6,1.5,28281
160,1,7,1.8,28291
160,1,8,2.3,43459
160,1,9,2.6,43761
160,1,10,3.2,43751
160,1,11,3.6,43781
160,1,12,4.1,43771
160,1,13,4.5,43671
160,1,14,5,44171
160,1,15,5.5,44161
160,1,16,6,44151
160,1,17,6.5,44131
160,1,18,6.8,44141
160,1,19,7.3,44041
160,1,20,7.8,44051
160,1,21,8,43991
160,1,22,8.2,44061
160,1,23,8.4,45011
160,1,24,8.8,45021
160,1,25,9.2,45031
160,1,26,9.7,45041
160,1,27,10,45051
160,1,28,10.4,45061
160,1,29,10.7,45071
160,1,30,11.2,45091
160,1,31,11.7,45101
160,1,32,12.1,45111
160,1,33,12.6,45121
160,1,34,12.9,45131
160,1,35,13.7,46389
160,1,36,14.4,46499
160,1,37,14.8,46519
160,1,38,15.1,46509
160,1,39,16.2,46101
160,1,40,16.2,46101
160,1,41,18.4,46211
160,1,42,18.4,46211
160,1,43,24.4,47711
160,1,44,30.9,46219
160,1,45,30.9,46219
160,1,46,33.1,46109
160,1,47,33.1,46109
160,1,48,34,46059
160,1,49,34.3,46049
160,1,50,34.8,46039
160,1,51,35.3,46029
160,1,52,35.8,45139
160,1,53,36.2,45129
160,1,54,36.6,45119
160,1,55,37.1,45109
160,1,56,37.6,45099
160,1,57,38,45079
160,1,58,38.5,45069
160,1,59,38.8,45059
160,1,60,39.4,45049
160,1,61,39.6,45039
160,1,62,39.9,45029
160,1,63,40.1,44999
160,1,64,40.5,45019
160,1,65,40.8,44069
160,1,66,41,44059
160,1,67,41.5,44049
160,1,68,42.1,44149
160,1,69,42.4,44139
160,1,70,42.9,44159
160,1,71,43.4,44169
160,1,72,43.8,44179
160,1,73,44.3,43679
160,1,74,44.7,43779
160,1,75,45.1,43789
160,1,76,45.6,43759
160,1,77,46.1,43769
160,1,78,46.5,43453
160,1,79,46.9,28299
160,1,80,47.2,28289
160,1,81,47.5,28089
160,1,82,47.8,28079
160,1,83,48.2,28449
160,1,84,48.7,28009
160A,1,1,0,28009
160A,1,3,0.5,28441
160A,1,4,0.8,28071
160A,1,5,1.1,28081
160A,1,6,1.5,28281
160A,1,7,1.8,28291
160A,1,8,2.3,43459
160A,1,9,2.6,43761
160A,1,10,3.2,43751
160A,1,11,3.6,43781
160A,1,12,4.1,43771
160A,1,13,4.5,43671
161,1,1,0,64009
161,1,2,0.7,64389
161,1,3,1,64379
161,1,4,1.4,64369
161,1,5,1.7,64359
161,1,6,2.1,64349
161,1,7,2.4,64411
161,1,8,2.7,64601
161,1,9,3,64611
161,1,10,3.2,64469
161,1,11,3.6,64629
161,1,12,3.8,67459
161,1,13,4.1,67469
161,1,14,4.4,67279
161,1,15,4.8,67449
161,1,16,5.2,67401
161,1,17,5.7,67101
161,1,18,6.3,65061
161,1,21,22.5,46229
161,1,22,22.9,46339
161,1,23,23.3,46639
161,1,24,23.7,46009
161,2,1,0,46009
161,2,2,0.6,46631
161,2,3,1,46331
161,2,4,1.3,46221
161,2,7,17.2,65069
161,2,8,17.5,65059
161,2,9,17.9,67109
161,2,10,18.3,67409
161,2,11,18.7,67441
161,2,12,19.2,67271
161,2,13,19.5,67461
161,2,14,19.9,67451
161,2,15,20.1,64621
161,2,16,20.4,64461
161,2,17,20.7,64619
161,2,18,20.9,64609
161,2,19,21.2,64419
161,2,20,21.5,64341
161,2,21,21.8,64351
161,2,22,22.1,64361
161,2,23,22.7,64371
161,2,24,23,64381
161,2,25,23.6,64009
162,1,1,0,55509
162,1,2,0.5,55209
162,1,3,0.8,54059
162,1,4,1.1,54049
162,1,5,1.4,54039
162,1,6,1.7,54241
162,1,7,2.3,54339
162,1,8,2.7,54329
162,1,9,3,54319
162,1,10,3.4,54531
162,1,11,3.7,53241
162,1,12,4.2,53391
162,1,13,4.7,53381
162,1,14,5,53371
162,1,15,5.4,53321
162,1,16,5.8,53331
162,1,17,6.2,53341
162,1,18,6.6,53351
162,1,19,6.9,53361
162,1,20,7.2,53069
162,1,21,7.6,53059
162,1,22,8,53049
162,1,23,8.3,53039
162,1,24,8.6,53029
162,1,25,9,53019
162,1,26,9.7,51069
162,1,27,10.2,51059
162,1,28,10.6,51049
162,1,29,10.9,51039
162,1,30,11.1,51029
162,1,31,11.3,51019
162,1,32,11.8,50059
162,1,33,12,50049
162,1,34,12.3,50037
162,1,35,13,50069
162,1,36,13.3,40129
162,1,37,13.8,40189
162,1,38,14,40179
162,1,39,14.8,09219
162,1,40,15.2,09047
162,1,41,15.7,09037
162,1,42,16.4,08138
162,1,43,16.8,08057
162,1,44,17.3,08069
162,1,45,17.6,04179
162,1,46,18,02049
162,1,47,18.4,02119
162,1,48,19.4,03019
162,1,49,19.7,03059
162,1,50,20.1,03129
162,1,51,20.6,03218
162,1,52,20.8,03239
162,2,1,0,03239
162,2,2,0.8,03222
162,2,3,1.5,03111
162,2,4,2.1,03031
162,2,5,2.7,03011
162,2,6,3.3,02111
162,2,7,3.8,04111
162,2,8,4.2,04121
162,2,9,4.5,08041
162,2,10,4.8,08031
162,2,11,5.3,08111
162,2,12,5.6,08121
162,2,13,6.3,09011
162,2,14,6.6,09023
162,2,15,7.2,09212
162,2,16,7.8,40171
162,2,17,8.1,40181
162,2,18,8.5,40121
162,2,19,8.8,50061
162,2,20,9.4,50031
162,2,21,9.7,50041
162,2,22,9.9,50051
162,2,23,10.2,51011
162,2,24,10.6,51021
162,2,25,10.8,51031
162,2,26,11,51041
162,2,27,11.4,51051
162,2,28,12.1,51071
162,2,29,12.6,53011
162,2,30,13.1,53021
162,2,31,13.6,53041
162,2,32,13.9,53051
162,2,33,14.4,53061
162,2,34,14.8,53369
162,2,35,15.2,53359
162,2,36,15.6,53349
162,2,37,16,53339
162,2,38,16.5,53329
162,2,39,16.9,53379
162,2,40,17.2,53389
162,2,41,17.7,53399
162,2,42,18.1,53249
162,2,43,18.5,54539
162,2,44,18.9,54311
162,2,45,19.2,54321
162,2,46,19.6,54331
162,2,47,20.1,54247
162,2,48,20.4,54031
162,2,49,20.8,54041
162,2,50,21.1,54051
162,2,51,21.4,55201
162,2,52,21.8,55509
162M,1,1,0,55509
162M,1,2,0.5,55209
162M,1,3,0.8,54059
162M,1,4,1.1,54049
162M,1,5,1.4,54039
162M,1,6,1.7,54241
162M,1,7,2.3,54339
162M,1,8,2.7,54329
162M,1,9,3,54319
162M,1,10,3.4,54531
162M,1,11,3.7,53241
162M,1,12,4.2,53391
162M,1,13,4.7,53381
162M,1,14,5,53371
162M,1,15,5.4,53321
162M,1,16,5.8,53331
162M,1,17,6.2,53341
162M,1,18,6.6,53351
162M,1,19,6.9,53361
162M,1,20,7.2,53069
162M,1,21,7.6,53059
162M,1,22,8,53049
162M,1,23,8.3,53039
162M,1,24,8.6,53029
162M,1,25,9,53019
162M,1,26,9.7,51069
162M,1,27,10.2,51059
162M,1,28,10.6,51049
162M,1,29,10.9,51039
162M,1,30,11.1,51029
162M,1,31,11.3,51019
162M,1,32,11.8,50059
162M,1,33,12,50049
162M,1,34,12.3,50037
162M,1,35,13,50069
162M,1,36,13.3,40129
162M,1,37,13.8,40189
162M,1,38,14,40179
162M,1,39,14.8,09219
162M,1,40,15.2,09047
162M,1,41,15.7,09037
162M,1,42,16.4,08138
162M,1,43,16.8,08057
162M,1,44,17.3,08069
162M,1,45,17.6,04179
162M,1,46,18,02049
162M,1,47,18.6,02151
162M,1,48,19.3,02161
162M,1,49,19.6,02171
162M,1,50,20,02051
162M,1,51,20.3,02061
162M,1,52,21,04111
162M,1,53,21.4,04121
162M,1,54,21.7,08041
162M,1,55,22,08031
162M,1,56,22.5,08111
162M,1,57,22.8,08121
162M,1,58,23.5,09011
162M,1,59,23.8,09023
162M,1,60,24.4,09212
162M,1,61,25,40171
162M,1,62,25.3,40181
162M,1,63,25.7,40121
162M,1,64,26,50061
162M,1,65,26.6,50031
162M,1,66,26.9,50041
162M,1,67,27.1,50051
162M,1,68,27.4,51011
162M,1,69,27.8,51021
162M,1,70,28,51031
162M,1,71,28.2,51041
162M,1,72,28.6,51051
162M,1,73,29.3,51071
162M,1,74,29.8,53011
162M,1,75,30.3,53021
162M,1,76,30.8,53041
162M,1,77,31.1,53051
162M,1,78,31.6,53061
162M,1,79,32,53369
162M,1,80,32.4,53359
162M,1,81,32.8,53349
162M,1,82,33.2,53339
162M,1,83,33.7,53329
162M,1,84,34.1,53379
162M,1,85,34.4,53389
162M,1,86,34.9,53399
162M,1,87,35.3,53249
162M,1,88,35.7,54539
162M,1,89,36.1,54311
162M,1,90,36.4,54321
162M,1,91,36.8,54331
162M,1,92,37.3,54247
162M,1,93,37.6,54031
162M,1,94,38,54041
162M,1,95,38.3,54051
162M,1,96,38.6,55201
162M,1,97,39,55509
163,1,1,0,67009
163,1,2,0.4,67189
163,1,3,0.7,67101
163,1,4,1.1,65049
163,1,5,1.4,65039
163,1,6,1.7,65029
163,1,7,2.1,67219
163,1,8,2.5,67269
163,1,9,2.8,67339
163,1,10,3.2,67299
163,1,11,3.5,67309
163,1,12,3.9,67329
163,1,13,4.4,67479
163,1,14,4.8,67489
163,1,15,5.1,67499
163,1,16,5.4,67281
163,1,17,5.6,67651
163,1,18,6.1,67039
163,1,19,6.4,67029
163,1,20,6.7,67019
163,1,21,7,55109
163,1,22,7.4,55089
163,1,23,7.7,55079
163,1,24,8.2,55059
163,1,25,8.5,55049
163,1,26,8.9,55039
163,1,27,9.6,55029
163,1,28,10.1,55019
163,1,29,10.6,56209
163,1,30,10.9,56199
163,1,31,11.2,56039
163,1,32,11.6,56029
163,1,33,12.1,56019
163,1,34,12.4,53099
163,1,35,12.7,53089
163,1,36,13.1,53079
163,1,37,13.5,53069
163,1,38,13.9,53059
163,1,39,14.3,53049
163,1,40,14.6,53039
163,1,41,14.9,53029
163,1,42,15.3,53019
163,1,43,15.6,51131
163,1,44,16,52011
163,1,45,16.5,52021
163,1,46,16.8,52031
163,1,47,17.7,52361
163,1,48,18.3,52279
163,1,49,18.7,52269
163,1,50,19.2,52501
163,1,51,19.6,52009
163,2,1,0,52009
163,2,2,0.5,52509
163,2,3,1,52261
163,2,4,1.4,52271
163,2,5,2,52369
163,2,6,2.6,52039
163,2,7,3.1,52029
163,2,8,3.5,52019
163,2,9,4,51139
163,2,10,4.4,53011
163,2,11,4.9,53021
163,2,12,5.4,53041
163,2,13,5.7,53051
163,2,14,6.2,53061
163,2,15,6.6,53071
163,2,16,6.9,53081
163,2,17,7.1,53091
163,2,18,7.5,56011
163,2,19,7.9,56021
163,2,20,8.4,56031
163,2,21,8.7,56191
163,2,22,9.1,56201
163,2,23,9.5,55011
163,2,24,10,55021
163,2,25,10.7,55031
163,2,26,11,55041
163,2,27,11.4,55051
163,2,28,11.8,55071
163,2,29,12.2,55081
163,2,30,12.6,55101
163,2,31,12.9,67011
163,2,32,13.2,67021
163,2,33,13.9,67659
163,2,34,14.2,67289
163,2,35,14.5,67491
163,2,36,14.9,67481
163,2,37,15.1,67471
163,2,38,15.6,67321
163,2,39,16,67301
163,2,40,16.4,67291
163,2,41,16.7,67331
163,2,42,16.9,67261
163,2,43,17.4,67211
163,2,44,17.7,65021
163,2,45,18.1,65031
163,2,46,18.4,65041
163,2,47,18.7,67109
163,2,48,19.2,67009
163A,1,1,0,67009
163A,1,2,0.4,67189
163A,1,3,0.7,67101
163A,1,4,1.1,65049
163A,1,5,1.4,65039
163A,1,6,1.7,65029
163A,1,7,2.1,67219
163A,1,8,2.5,67269
163A,1,9,2.8,67339
163A,1,10,3.2,67299
163A,1,11,3.5,67309
163A,1,12,3.9,67329
163A,1,13,4.4,67479
163A,1,14,4.8,67489
163A,1,15,5.1,67499
163A,1,16,5.4,67281
163A,1,17,5.6,67651
165,1,1,0,64009
165,1,2,0.3,64551
165,1,3,0.5,64529
165,1,4,0.8,64339
165,1,5,1.1,63379
165,1,6,1.5,63389
165,1,7,1.8,63399
165,1,8,2.1,63319
165,1,9,2.6,66109
165,1,10,3.1,66339
165,1,11,3.7,66349
165,1,12,4,54309
165,1,13,4.6,54299
165,1,14,4.9,54289
165,1,15,5.2,54279
165,1,16,5.5,54269
165,1,17,6,54248
165,1,18,6.4,54239
165,1,19,6.8,54229
165,1,20,7.2,54219
165,1,21,7.7,54069
165,1,22,7.9,56269
165,1,23,8.4,53099
165,1,24,8.7,53089
165,1,25,9.1,53079
165,1,26,9.5,53069
165,1,27,9.9,53059
165,1,28,10.3,53049
165,1,29,10.6,53039
165,1,30,10.9,53029
165,1,31,11.3,53019
165,1,32,11.9,51079
165,1,33,12.4,51119
165,1,34,13.1,40269
165,1,35,13.6,40259
165,1,36,14,41159
165,1,37,15,41169
165,1,38,15.8,41139
165,1,39,16.3,41129
165,1,40,16.9,41119
165,1,41,17.2,41109
165,1,42,17.6,11119
165,1,43,17.9,11109
165,1,44,18.2,11099
165,1,45,18.8,11231
165,1,46,19.6,11261
165,1,47,20.2,11271
165,1,48,20.5,11281
165,1,49,20.9,11291
165,1,50,21.3,12021
165,1,51,21.7,12031
165,1,52,22.1,12041
165,1,53,22.4,12051
165,1,54,22.6,12111
165,1,55,22.9,17119
165,1,56,23.1,17109
165,1,57,23.8,17151
165,1,58,24.1,17161
165,1,59,24.5,17171
165,1,60,24.7,17009
165,2,1,0,17009
165,2,2,0.6,17239
165,2,3,1.1,17159
165,2,4,1.6,17101
165,2,5,2.2,12119
165,2,6,2.4,12059
165,2,7,2.7,12049
165,2,8,3.1,12039
165,2,9,3.4,12029
165,2,10,3.8,11299
165,2,11,4.2,11289
165,2,12,4.5,11279
165,2,13,5,11269
165,2,14,5.9,11239
165,2,15,6.2,11091
165,2,16,6.7,11101
165,2,17,7,11111
165,2,18,7.2,41101
165,2,19,7.6,41111
165,2,20,8.2,41121
165,2,21,8.7,41131
165,2,22,9.4,41141
165,2,23,9.8,41151
165,2,24,10.3,40251
165,2,25,10.8,40261
165,2,26,11.5,51111
165,2,27,11.9,51071
165,2,28,12.4,53011
165,2,29,12.9,53021
165,2,30,13.4,53041
165,2,31,13.7,53051
165,2,32,14.2,53061
165,2,33,14.6,53071
165,2,34,14.9,53081
165,2,35,15.1,53091
165,2,36,15.8,56261
165,2,37,16.1,54061
165,2,38,16.5,54211
165,2,39,16.9,54221
165,2,40,17.2,54231
165,2,41,17.7,54241
165,2,42,18.2,54261
165,2,43,18.5,54271
165,2,44,18.8,54281
165,2,45,19.1,54291
165,2,46,19.6,54301
165,2,47,19.9,66341
165,2,48,20.5,66331
165,2,49,20.9,66101
165,2,50,21.4,63311
165,2,51,21.8,63391
165,2,52,22.1,63381
165,2,53,22.5,63371
165,2,54,22.9,64331
165,2,55,23.2,64521
165,2,56,23.4,64559
165,2,57,23.7,64009
166,1,1,0,54009
166,1,2,0.6,54248
166,1,3,1,54239
166,1,4,1.4,54229
166,1,5,1.8,54219
166,1,6,2.3,54069
166,1,7,2.5,56269
166,1,8,3,53099
166,1,9,3.3,53089
166,1,10,3.7,53079
166,1,11,4.1,53069
166,1,12,4.5,53059
166,1,13,4.9,53049
166,1,14,5.2,53039
166,1,15,5.5,53029
166,1,16,5.9,53019
166,1,17,6.6,51069
166,1,18,7.1,51059
166,1,19,7.5,51049
166,1,20,7.8,51039
166,1,21,8,51029
166,1,22,8.2,51019
166,1,23,8.7,50059
166,1,24,8.9,50049
166,1,25,9.4,50038
166,1,26,9.8,50029
166,1,27,10.4,50019
166,1,28,10.6,40109
166,1,29,11.1,40019
166,1,30,11.5,07539
166,1,31,12.1,07518
166,1,32,12.5,04019
166,1,33,13.3,04167
166,1,34,13.6,04249
166,1,35,14,05029
166,1,36,14.4,05199
166,1,37,14.7,05189
166,1,38,15.1,05259
166,1,39,15.3,05239
166,1,40,15.7,10021
166,1,41,16.1,10041
166,1,42,16.6,10399
166,1,43,17,14221
166,1,44,17.4,14231
166,1,45,17.8,14019
166,1,46,18.5,14141
166,1,47,18.8,14121
166,1,48,19.2,14131
166,1,49,19.7,14151
166,1,50,20.1,14161
166,1,51,20.5,14171
166,1,52,21.2,15041
166,1,53,21.5,15051
166,1,54,22,18011
166,1,55,23.4,18041
166,1,56,23.6,18131
166,1,57,24.4,18101
166,1,58,25,18121
166,1,59,25.3,18119
166,1,60,25.8,19089
166,1,61,26.3,19091
166,1,62,26.7,19021
166,1,63,27.1,19031
166,1,64,27.5,19041
166,1,65,28.2,17151
166,1,66,28.5,17161
166,1,67,28.9,17171
166,1,68,29.1,17009
166,2,1,0,17009
166,2,2,0.6,17239
166,2,3,1.1,17159
166,2,4,1.6,19049
166,2,5,2.1,19039
166,2,6,2.6,19029
166,2,7,3,19099
166,2,8,3.3,19071
166,2,9,3.6,19081
166,2,10,3.9,18111
166,2,11,4.3,18129
166,2,12,4.7,18109
166,2,13,5.4,18049
166,2,14,7.2,18019
166,2,15,7.7,15059
166,2,16,8,15049
166,2,17,8.4,14189
166,2,18,8.7,14179
166,2,19,9.1,14169
166,2,20,9.6,14159
166,2,21,10,14139
166,2,22,10.5,14129
166,2,23,10.8,14119
166,2,24,11.4,14011
166,2,25,12,14239
166,2,26,12.3,14229
166,2,27,12.8,10391
166,2,28,13.2,10049
166,2,29,13.6,10017
166,2,30,13.7,10018
166,2,31,14.1,05012
166,2,32,14.7,05022
166,2,34,15.2,04222
166,2,35,15.5,04223
166,2,36,15.9,04143
166,2,37,16.2,04121
166,2,38,16.6,08079
166,2,39,16.8,07011
166,2,40,17.2,07021
166,2,41,17.7,40011
166,2,42,18.3,40101
166,2,43,18.5,50011
166,2,44,19.2,50021
166,2,45,19.7,50031
166,2,46,20,50041
166,2,47,20.2,50051
166,2,48,20.5,51011
166,2,49,20.9,51021
166,2,50,21.1,51031
166,2,51,21.3,51041
166,2,52,21.7,51051
166,2,53,22.4,51071
166,2,54,22.9,53011
166,2,55,23.4,53021
166,2,56,23.9,53041
166,2,57,24.2,53051
166,2,58,24.7,53061
166,2,59,25.1,53071
166,2,60,25.4,53081
166,2,61,25.6,53091
166,2,62,26.3,56261
166,2,63,26.6,54061
166,2,64,27,54211
166,2,65,27.4,54221
166,2,66,27.7,54231
166,2,67,28.2,54241
166,2,68,28.7,54009
167,1,1,0,58009
167,1,2,0.5,58151
167,1,3,0.9,58331
167,1,4,1.9,58029
167,1,5,2.2,58019
167,1,6,2.5,57139
167,1,7,2.9,57129
167,1,8,3.2,57119
167,1,9,3.6,57089
167,1,10,4,57079
167,1,11,4.6,57069
167,1,12,5.1,57059
167,1,13,5.6,57049
167,1,14,6.2,57039
167,1,15,6.5,57029
167,1,16,6.9,57019
167,1,17,7.3,56099
167,1,18,7.9,56089
167,1,19,8.5,56079
167,1,20,9,56069
167,1,21,9.4,56059
167,1,22,9.8,56049
167,1,23,10.1,56039
167,1,24,10.5,56029
167,1,25,11,56019
167,1,26,11.3,53099
167,1,27,11.6,53089
167,1,28,12,53079
167,1,29,12.4,53069
167,1,30,12.8,53059
167,1,31,13.2,53049
167,1,32,13.5,53039
167,1,33,13.8,53029
167,1,34,14.2,53019
167,1,35,14.9,51069
167,1,36,15.4,51059
167,1,37,15.8,51049
167,1,38,16.1,51039
167,1,39,16.3,51029
167,1,40,16.5,51019
167,1,41,17,50059
167,1,42,17.2,50049
167,1,43,17.5,50037
167,1,44,18.2,50069
167,1,45,18.5,40129
167,1,46,19,40189
167,1,47,19.2,40179
167,1,48,20,09219
167,1,49,20.4,09047
167,1,50,20.9,09037
167,1,51,21.6,08138
167,1,52,22,08057
167,1,53,22.5,08069
167,1,54,22.8,04179
167,1,55,23.2,02049
167,1,56,24.1,02029
167,1,57,24.7,03019
167,1,58,25,03059
167,1,59,25.4,03129
167,1,60,25.9,03218
167,1,61,26.9,05631
167,1,62,27.3,05521
167,1,63,27.6,10021
167,1,64,28,10041
167,1,65,28.4,10051
167,1,66,28.7,10061
167,1,67,29.1,10071
167,1,68,29.3,10501
167,1,69,29.6,10081
167,1,70,30.3,10009
167,2,1,0,10009
167,2,2,0.7,10089
167,2,3,1.3,10079
167,2,4,1.7,10069
167,2,5,2,10059
167,2,6,2.3,10049
167,2,7,2.7,10017
167,2,8,3.4,05519
167,2,9,3.7,05629
167,2,10,4.4,03223
167,2,11,4.8,03151
167,2,12,5.3,03021
167,2,13,5.9,03011
167,2,14,6.5,02111
167,2,15,7,04111
167,2,16,7.4,04121
167,2,17,7.7,08041
167,2,18,8,08031
167,2,19,8.5,08111
167,2,20,8.8,08121
167,2,23,9.5,09011
167,2,24,9.8,09023
167,2,25,10.4,09212
167,2,26,11,40171
167,2,27,11.3,40181
167,2,28,11.7,40121
167,2,29,12,50061
167,2,30,12.6,50031
167,2,31,12.9,50041
167,2,32,13.1,50051
167,2,33,13.4,51011
167,2,34,13.8,51021
167,2,35,14,51031
167,2,36,14.2,51041
167,2,37,14.6,51051
167,2,38,15.3,51071
167,2,39,15.8,53011
167,2,40,16.3,53021
167,2,41,16.8,53041
167,2,42,17.1,53051
167,2,43,17.6,53061
167,2,44,18,53071
167,2,45,18.3,53081
167,2,46,18.5,53091
167,2,47,18.9,56011
167,2,48,19.3,56021
167,2,49,19.8,56031
167,2,50,20.1,56041
167,2,51,20.5,56051
167,2,52,20.9,56061
167,2,53,21.3,56071
167,2,54,21.9,56081
167,2,55,22.4,56091
167,2,56,22.8,57011
167,2,57,23.3,57021
167,2,58,23.7,57031
167,2,59,24.2,57041
167,2,60,24.7,57051
167,2,61,25.2,57061
167,2,62,25.8,57071
167,2,63,26.1,57081
167,2,64,26.5,57111
167,2,65,26.8,57121
167,2,66,27.3,57131
167,2,67,27.7,58011
167,2,68,27.9,58021
167,2,69,28.8,58339
167,2,70,29.3,58159
167,2,71,29.7,58009
167e,1,1,0,58009
167e,1,2,0.5,58151
167e,1,3,0.9,58331
167e,1,4,1.9,58029
167e,1,5,2.2,58019
167e,1,6,2.5,57139
167e,1,7,2.9,57129
167e,1,8,3.2,57119
167e,1,9,3.6,57089
167e,1,10,4,57079
167e,1,11,4.6,57069
167e,1,12,5.1,57059
167e,1,13,5.6,57049
167e,1,14,6.2,57039
167e,1,15,6.5,57029
167e,1,16,6.9,57019
167e,1,17,7.3,56099
167e,1,18,22.9,50069
167e,1,19,23.2,40129
167e,1,20,23.7,40189
167e,1,21,23.9,40179
167e,1,22,24.7,09219
167e,1,23,25.1,09047
167e,1,24,25.6,09037
167e,1,25,26.3,08138
167e,1,26,26.7,08057
167e,1,27,27.2,08069
167e,1,28,27.5,04179
167e,1,29,27.9,02049
167e,1,30,29.3,03019
167e,1,31,29.6,03059
167e,1,32,30,03129
167e,1,33,30.5,03218
167e,2,1,0,03223
167e,2,2,0.4,03151
167e,2,3,0.9,03021
167e,2,4,1.5,03011
167e,2,5,2.1,02111
167e,2,6,2.6,04111
167e,2,7,3,04121
167e,2,8,3.3,08041
167e,2,9,3.6,08031
167e,2,10,4.1,08111
167e,2,11,4.4,08121
167e,2,14,5.1,09011
167e,2,15,5.4,09023
167e,2,16,6,09212
167e,2,17,6.6,40171
167e,2,18,6.9,40181
167e,2,19,7.3,40121
167e,2,20,7.6,50061
167e,2,21,22.9,56091
167e,2,22,23.3,57011
167e,2,23,23.8,57021
167e,2,24,24.2,57031
167e,2,25,24.7,57041
167e,2,26,25.2,57051
167e,2,27,25.7,57061
167e,2,28,26.3,57071
167e,2,29,26.6,57081
167e,2,30,27,57111
167e,2,31,27.3,57121
167e,2,32,27.8,57131
167e,2,33,28.2,58011
167e,2,34,28.4,58021
167e,2,35,29.3,58339
167e,2,36,29.8,58159
167e,2,37,30.2,58009
168,1,1,0,84009
168,1,2,0.9,84359
168,1,3,1.2,84211
168,1,4,1.5,84521
168,1,5,2,84201
168,1,6,2.3,75341
168,1,7,2.7,75061
168,1,8,3.4,75051
168,1,9,4,76061
168,1,10,4.5,76131
168,1,11,4.9,76141
168,1,12,5.3,76199
168,1,13,6.2,76541
168,1,14,6.7,75271
168,1,15,7,75281
168,1,16,7.5,75291
168,1,17,8.1,75311
168,1,18,8.5,75361
168,1,19,8.8,75351
168,1,20,12.8,65191
168,1,21,17,68119
168,1,23,29.6,46229
168,1,24,30,46339
168,1,25,30.4,46639
168,1,26,30.8,46009
168,2,1,0,46009
168,2,2,0.6,46631
168,2,3,1,46331
168,2,4,1.3,46221
168,2,6,13.4,68111
168,2,7,17.4,65199
168,2,8,21.4,75359
168,2,9,21.8,75369
168,2,10,22.2,75319
168,2,11,22.7,75299
168,2,12,23.1,75289
168,2,13,23.4,75279
168,2,14,23.9,76549
168,2,15,24.7,76191
168,2,16,25.2,76149
168,2,17,25.6,76139
168,2,18,26.2,76069
168,2,19,26.9,75059
168,2,20,27.6,75069
168,2,21,28,75349
168,2,22,28.2,84209
168,2,23,28.7,84529
168,2,24,29,84219
168,2,25,29.3,84351
168,2,26,30,84009
169,1,1,0,46009
169,1,2,0.7,46271
169,1,3,1,46269
169,1,4,1.5,46451
169,1,5,2.1,46461
169,1,6,2.6,46471
169,1,7,3,46481
169,1,8,3.4,46721
169,1,9,3.7,46711
169,1,10,4.2,47071
169,1,11,4.8,47821
169,1,12,5.2,47811
169,1,13,5.7,47801
169,1,14,6.1,58141
169,1,15,6.6,58161
169,1,16,7,58171
169,1,17,7.3,58181
169,1,18,7.6,58191
169,1,19,8.1,58201
169,1,20,8.5,58069
169,1,21,8.9,58059
169,1,22,9.2,58049
169,1,23,9.5,58269
169,1,24,10.1,58541
169,1,25,10.4,59529
169,1,26,10.8,59259
169,1,27,11.3,59099
169,1,28,11.8,59073
169,1,29,12,59069
169,1,30,12.6,59339
169,1,31,13,59549
169,1,32,13.3,59559
169,1,33,13.8,57079
169,1,34,14.4,57069
169,1,35,14.9,57059
169,1,36,15.4,57049
169,1,37,16,57039
169,1,38,16.3,57029
169,1,39,16.7,57019
169,1,40,17.1,56099
169,1,41,17.7,56089
169,1,42,18.3,56079
169,1,43,18.8,56069
169,1,44,19.2,56059
169,1,45,19.6,56049
169,1,46,19.9,56039
169,1,47,20.3,56029
169,1,48,20.8,56019
169,1,49,21.3,56261
169,1,50,21.6,54061
169,1,51,22,54211
169,1,52,22.4,54221
169,1,53,22.7,54231
169,1,54,23.2,54241
169,1,55,23.7,54009
169,2,1,0,54009
169,2,2,0.6,54247
169,2,3,1,54239
169,2,4,1.4,54229
169,2,5,1.8,54219
169,2,6,2.3,54069
169,2,7,2.5,56269
169,2,8,3,56011
169,2,9,3.4,56021
169,2,10,3.9,56031
169,2,11,4.2,56041
169,2,12,4.6,56051
169,2,13,5,56061
169,2,14,5.4,56071
169,2,15,6,56081
169,2,16,6.5,56091
169,2,17,6.9,57011
169,2,18,7.4,57021
169,2,19,7.8,57031
169,2,20,8.3,57041
169,2,21,8.8,57051
169,2,22,9.3,57061
169,2,23,9.9,57071
169,2,24,10.3,59551
169,2,25,10.6,59541
169,2,26,10.9,59331
169,2,27,11.4,59061
169,2,28,11.8,59079
169,2,29,12.1,59091
169,2,30,12.7,59251
169,2,31,13.2,59521
169,2,32,13.5,58549
169,2,33,14.1,58261
169,2,34,14.4,58041
169,2,35,14.6,58051
169,2,36,15,58061
169,2,37,15.3,58209
169,2,38,15.8,58199
169,2,39,16,58189
169,2,40,16.3,58179
169,2,41,16.6,58169
169,2,42,17,58149
169,2,43,17.5,47809
169,2,44,17.9,47819
169,2,45,18.4,47829
169,2,46,18.9,47079
169,2,47,19.4,46719
169,2,48,19.8,46729
169,2,49,20.2,46489
169,2,50,20.6,46479
169,2,51,21,46469
169,2,52,21.7,46459
169,2,53,22,46261
169,2,54,22.4,46279
169,2,55,23,46009
169A,1,1,0,46009
169A,1,2,0.7,46271
169A,1,3,1,46269
169A,1,4,1.5,46451
169A,1,5,2.1,46461
169A,1,6,2.6,46471
169A,1,7,3,46481
169A,1,8,3.4,46721
169A,1,9,3.7,46711
169A,1,10,4.2,47071
169A,1,11,4.8,47821
169A,1,12,5.2,47811
169A,1,13,5.7,47801
169A,1,14,6.1,58141
169A,1,15,6.6,58161
169A,1,16,7,58171
169A,1,17,7.3,58181
169A,1,18,7.6,58191
169A,1,19,8.1,58201
169A,1,20,8.5,58069
169A,1,21,8.9,58059
169A,1,22,9.2,58049
169A,1,23,9.5,58269
169A,1,24,10.1,58541
169A,1,25,10.4,59529
169A,1,26,10.8,59259
169A,1,27,11.3,59099
169A,1,28,11.8,59073
169B,1,1,0,46009
169B,1,2,0.7,46271
169B,1,3,1,46269
169B,1,4,1.5,46451
169B,1,5,2.1,46461
169B,1,6,2.6,46471
169B,1,7,3,46481
169B,1,8,3.4,46721
169B,1,9,3.7,46711
16M,1,1,0,84009
16M,1,2,0.7,84139
16M,1,3,1.3,84129
16M,1,4,1.8,84151
16M,1,5,2.4,93099
16M,1,6,2.9,93089
16M,1,7,3.2,93079
16M,1,8,3.5,93129
16M,1,9,3.9,93029
16M,1,10,4.3,93019
16M,1,11,4.7,92089
16M,1,12,4.9,92211
16M,1,13,5.2,92221
16M,1,14,5.6,92231
16M,1,15,5.9,92069
16M,1,16,6.3,92059
16M,1,17,6.7,92181
16M,1,18,7.1,92171
16M,1,19,7.6,82139
16M,1,20,7.9,82129
16M,1,21,8.6,81199
16M,1,22,8.9,81189
16M,1,23,9.4,81179
16M,1,24,10,80141
16M,1,25,10.7,80219
16M,1,26,12.1,80169
16M,1,27,12.8,80159
16M,1,28,13.9,04111
16M,1,29,14.3,04121
16M,1,30,14.6,08041
16M,1,31,14.9,08031
16M,1,32,15.4,08111
16M,1,33,15.7,08121
16M,1,34,16,09059
16M,1,35,16.5,09022
16M,1,36,16.9,13199
16M,1,37,17.4,13159
16M,1,38,17.8,13139
16M,1,39,18,13119
16M,1,40,18.4,06129
16M,1,41,18.9,06069
16M,1,42,19.3,06051
16M,1,43,19.6,10141
16M,1,44,20,10151
16M,1,45,20.2,10161
16M,1,46,20.6,10171
16M,1,47,20.8,10359
16M,1,48,21.1,10349
16M,1,49,21.6,10091
16M,1,50,22.3,10651
16M,1,51,22.6,10009
16M,2,1,0,10009
16M,2,2,0.4,10659
16M,2,3,0.9,10099
16M,2,4,1.4,10341
16M,2,5,1.7,10351
16M,2,6,2,10179
16M,2,7,2.5,10169
16M,2,8,3.1,10149
16M,2,9,3.3,06071
16M,2,10,3.5,06081
16M,2,11,4,06131
16M,2,12,4.3,13121
16M,2,13,4.7,13141
16M,2,14,5.3,13191
16M,2,15,6,09048
16M,2,16,6.6,09038
16M,2,17,7,08138
16M,2,18,7.4,08057
16M,2,19,7.9,08069
16M,2,20,8.2,04179
16M,2,21,8.6,02049
16M,2,22,9.2,80151
16M,2,23,9.9,80161
16M,2,24,11.5,80211
16M,2,25,12.1,80149
16M,2,26,12.7,81171
16M,2,27,13.2,81181
16M,2,28,13.6,81191
16M,2,29,14.2,82121
16M,2,30,14.6,82131
16M,2,31,15.1,92179
16M,2,32,15.6,92189
16M,2,33,15.9,92051
16M,2,34,16.3,92061
16M,2,35,16.7,92239
16M,2,36,17.2,92071
16M,2,37,17.5,92081
16M,2,38,17.9,93011
16M,2,39,18.3,93021
16M,2,40,18.7,93121
16M,2,41,19.2,93071
16M,2,42,19.6,93081
16M,2,43,19.9,93091
16M,2,44,20.3,84159
16M,2,45,20.7,84121
16M,2,46,21.4,84131
16M,2,47,22.2,84009
17,1,1,0,77009
17,1,2,0.8,78109
17,1,3,1.3,78119
17,1,4,1.8,78221
17,1,5,2,78151
17,1,6,2.3,78161
17,1,7,2.6,78059
17,1,8,3,98099
17,1,9,3.4,98019
17,1,10,4,76249
17,1,11,4.3,76239
17,1,12,4.6,76039
17,1,13,4.9,76109
17,1,14,5.3,76099
17,1,15,5.7,76089
17,1,16,6.1,76079
17,1,17,7.3,96289
17,1,18,7.7,96109
17,1,19,8.3,84439
17,1,20,8.8,84599
17,1,21,9.1,84279
17,1,22,9.5,84269
17,1,23,9.9,84259
17,1,24,10.4,84229
17,1,25,10.8,84349
17,1,26,11.1,84329
17,1,27,11.4,84319
17,1,28,11.7,84309
17,1,29,12.3,84009
17,2,1,0,84009
17,2,2,0.6,84301
17,2,3,0.9,84311
17,2,4,1.2,84321
17,2,5,1.5,84341
17,2,6,1.9,84221
17,2,7,2.5,84251
17,2,8,2.9,84261
17,2,9,3.4,84271
17,2,10,3.8,84591
17,2,11,4.2,84431
17,2,12,4.7,96101
17,2,13,5.1,96281
17,2,14,6.3,76071
17,2,15,6.8,76081
17,2,16,7.2,76091
17,2,17,7.6,76101
17,2,18,7.8,76031
17,2,19,8.2,76231
17,2,20,8.5,76241
17,2,21,9.1,98011
17,2,22,9.4,98091
17,2,23,9.8,78051
17,2,24,10.2,78169
17,2,25,10.6,78159
17,2,26,10.8,78229
17,2,27,11.3,78111
17,2,28,11.7,78101
17,2,29,12.3,77009
170,1,1,0,01109
170,1,2,0.4,07551
170,1,3,0.7,07531
170,1,4,1.1,40011
170,1,5,1.6,40271
170,1,6,2.1,40021
170,1,7,2.4,40031
170,1,8,2.8,40041
170,1,9,3.2,40051
170,1,10,3.6,40111
170,1,11,4,40071
170,1,12,4.4,40081
170,1,13,4.7,40091
170,1,14,5.2,41011
170,1,15,5.6,41021
170,1,16,6,41031
170,1,17,6.2,41041
170,1,18,6.6,41051
170,1,19,6.8,41061
170,1,20,7.2,41071
170,1,21,7.8,41081
170,1,22,8.1,42011
170,1,23,8.4,42021
170,1,24,8.7,42031
170,1,25,9.1,42041
170,1,26,9.6,42051
170,1,27,9.9,42061
170,1,28,10.3,42071
170,1,29,10.8,42091
170,1,30,11.3,42111
170,1,31,11.5,43011
170,1,32,12,43021
170,1,33,12.5,43041
170,1,34,13.1,43051
170,1,35,13.4,43061
170,1,36,13.6,43071
170,1,37,13.8,43081
170,1,38,14.1,43091
170,1,39,14.6,43111
170,1,40,14.8,44011
170,1,41,15.2,44021
170,1,42,15.5,44041
170,1,43,16,44051
170,1,44,16.2,43991
170,1,45,16.4,44061
170,1,46,16.6,45011
170,1,47,17,45021
170,1,48,17.4,45031
170,1,49,17.9,45041
170,1,50,18.2,45051
170,1,51,18.6,45061
170,1,52,18.9,45071
170,1,53,19.4,45091
170,1,54,19.9,45101
170,1,55,20.3,45111
170,1,56,20.8,45121
170,1,57,21.1,45131
170,1,58,21.7,46021
170,1,59,22.2,46031
170,1,60,22.6,46041
170,1,61,23,46051
170,1,62,23.5,46069
170,1,63,23.8,46088
170,1,64,24.9,46101
170,1,65,27.1,46211
170,1,66,34.2,46239
170,2,1,0,46239
170,2,2,7.1,46219
170,2,3,9.3,46109
170,2,4,10.1,46069
170,2,5,10.4,46088
170,2,6,10.7,46091
170,2,7,11.1,46059
170,2,8,11.4,46049
170,2,9,11.9,46039
170,2,10,12.4,46029
170,2,11,12.9,45139
170,2,12,13.3,45129
170,2,13,13.7,45119
170,2,14,14.2,45109
170,2,15,14.7,45099
170,2,16,15.1,45079
170,2,17,15.6,45069
170,2,18,15.9,45059
170,2,19,16.5,45049
170,2,20,16.7,45039
170,2,21,17,45029
170,2,22,17.2,44999
170,2,23,17.6,45019
170,2,24,17.9,44069
170,2,25,18.1,44059
170,2,26,18.6,44049
170,2,27,18.9,44029
170,2,28,19.2,44019
170,2,29,19.5,43119
170,2,30,19.9,43109
170,2,31,20.1,43099
170,2,32,20.4,43089
170,2,33,20.9,43069
170,2,34,21.3,43059
170,2,35,21.6,43049
170,2,36,22.1,43029
170,2,37,22.6,43019
170,2,38,22.9,42119
170,2,39,23.5,42109
170,2,40,23.9,42089
170,2,41,24.6,42059
170,2,42,24.8,42049
170,2,43,25.2,42039
170,2,44,25.7,42029
170,2,45,26.2,42019
170,2,46,26.6,41089
170,2,47,27,41079
170,2,48,27.6,41069
170,2,49,28,41049
170,2,50,28.7,41029
170,2,51,29.2,41019
170,2,52,29.6,40099
170,2,53,30.1,40089
170,2,54,30.4,40079
170,2,55,30.7,40119
170,2,56,30.9,40069
170,2,57,31.2,40059
170,2,58,31.6,40049
170,2,59,31.9,40039
170,2,60,32.2,40029
170,2,61,32.6,40279
170,2,62,33.1,40019
170,2,63,33.5,07539
170,2,64,34,01109
170A,1,1,0,01109
170A,1,2,0.4,07551
170A,1,3,0.7,07531
170A,1,4,1.1,40011
170A,1,5,1.6,40271
170A,1,6,2.1,40021
170A,1,7,2.4,40031
170A,1,8,2.8,40041
170A,1,9,3.2,40051
170A,1,10,3.6,40111
170A,1,11,4,40071
170A,1,12,4.4,40081
170A,1,13,4.7,40091
170A,1,14,5.2,41011
170A,1,15,5.6,41021
170A,1,16,6,41031
170A,1,17,6.2,41041
170A,1,18,6.6,41051
170A,1,19,6.8,41061
170A,1,20,7.2,41071
170A,1,21,7.8,41081
170A,1,22,8.1,42011
170A,1,23,8.4,42021
170A,1,24,8.7,42031
170A,1,25,9.1,42041
170A,1,26,9.6,42051
170A,1,27,9.9,42061
170A,1,28,10.3,42071
170A,1,29,10.8,42091
170A,1,30,11.3,42111
170A,1,31,11.5,43011
170A,1,32,12,43021
170A,1,33,12.5,43041
170A,1,34,13.1,43051
170A,1,35,13.4,43061
170A,1,36,13.6,43071
170A,1,37,13.8,43081
170A,1,38,14.1,43091
170A,1,39,14.6,43111
170A,1,40,14.8,44011
170A,1,41,15.2,44021
170A,1,42,15.5,44041
170A,1,43,16,44051
170A,1,44,16.2,43991
170A,1,45,16.4,44061
170A,1,46,16.6,45011
170A,1,47,17,45021
170A,1,48,17.4,45031
170A,1,49,17.9,45041
170A,1,50,18.2,45051
170A,1,51,18.6,45061
170A,1,52,18.9,45071
170A,1,53,19.4,45091
170A,1,54,19.9,45101
170A,1,55,20.3,45111
170A,1,56,20.8,45121
170A,1,57,21.1,45131
170A,1,58,21.7,46021
170A,1,59,22.2,46031
170A,1,60,22.6,46041
170A,1,61,23,46051
170A,1,62,23.5,46069
170X,1,1,0,45131
170X,1,2,0.6,46021
170X,1,3,1.1,46031
170X,1,4,1.5,46041
170X,1,5,1.9,46051
170X,1,6,2.7,46101
170X,1,7,4.9,46211
170X,1,8,10.9,47711
170X,2,1,0,47711
170X,2,2,6.5,46219
170X,2,3,8.7,46109
170X,2,4,9.6,46059
170X,2,5,9.9,46049
170X,2,6,10.4,46039
170X,2,7,10.9,46029
170X,2,8,11.4,45139
171,1,1,0,59009
171,1,2,0.8,59141
171,1,3,1.2,59111
171,1,4,1.7,57089
171,1,5,2.1,57079
171,1,6,2.7,57069
171,1,7,3.2,57059
171,1,8,5,48149
171,1,9,5.9,48069
171,1,10,6.4,48059
171,1,11,7.4,48049
171,1,12,8.1,48039
171,1,13,8.5,48029
171,1,14,9,48019
171,1,16,14,44269
171,1,17,14.4,44229
171,1,18,14.7,44219
171,1,19,15,44209
171,1,20,15.4,44731
171,1,21,15.8,44909
171,1,22,16.1,44029
171,1,23,16.4,44019
171,1,24,16.7,43119
171,1,25,17.1,43109
171,1,26,17.3,43099
171,1,27,17.6,43089
171,1,28,18.1,43069
171,1,29,18.5,43059
171,1,30,18.8,43049
171,1,31,19.3,43029
171,1,32,19.8,43019
171,1,33,20.1,42119
171,1,34,20.7,42109
171,1,35,21.1,42089
171,1,36,21.8,42059
171,1,37,22,42049
171,1,38,22.4,42039
171,1,39,22.9,42029
171,1,40,23.4,42019
171,1,41,23.8,41089
171,1,42,24.2,41079
171,1,43,24.8,41069
171,1,44,25.2,41049
171,1,45,25.9,41029
171,1,46,26.4,41019
171,1,47,26.8,40099
171,1,48,27.3,40089
171,1,49,27.6,40079
171,1,50,27.9,40119
171,1,51,28.1,40069
171,1,52,28.4,40059
171,1,53,28.8,40049
171,1,54,29.2,40189
171,1,55,29.4,40179
171,1,56,30.2,09219
171,1,57,30.6,09047
171,1,58,31.1,09037
171,1,59,31.8,08138
171,1,60,32.2,08057
171,1,61,32.7,08069
171,1,62,33,04179
171,1,63,33.4,02049
171,1,64,34.1,02089
171,1,65,34.4,02099
171,2,1,0,02099
171,2,2,0.4,02101
171,2,3,0.8,02051
171,2,4,1.1,02061
171,2,5,1.8,04111
171,2,6,2.2,04121
171,2,7,2.5,08041
171,2,8,2.8,08031
171,2,9,3.3,08111
171,2,10,3.6,08121
171,2,13,4.3,09011
171,2,14,4.6,09023
171,2,15,5.2,09212
171,2,16,5.8,40171
171,2,17,6.1,40181
171,2,18,6.3,40041
171,2,19,6.7,40051
171,2,20,7.1,40111
171,2,21,7.5,40071
171,2,22,7.9,40081
171,2,23,8.2,40091
171,2,24,8.7,41011
171,2,25,9.1,41021
171,2,26,9.5,41031
171,2,27,9.7,41041
171,2,28,10.1,41051
171,2,29,10.3,41061
171,2,30,10.7,41071
171,2,31,11.3,41081
171,2,32,11.6,42011
171,2,33,11.9,42021
171,2,34,12.2,42031
171,2,35,12.6,42041
171,2,36,13.1,42051
171,2,37,13.4,42061
171,2,38,13.8,42071
171,2,39,14.3,42091
171,2,40,14.8,42111
171,2,41,15,43011
171,2,42,15.5,43021
171,2,43,16,43041
171,2,44,16.6,43051
171,2,45,16.9,43061
171,2,46,17.1,43071
171,2,47,17.3,43081
171,2,48,17.6,43091
171,2,49,18.1,43111
171,2,50,18.3,44011
171,2,51,18.7,44021
171,2,52,19,44251
171,2,53,19.4,44739
171,2,54,19.8,44201
171,2,55,20.1,44211
171,2,56,20.4,44221
171,2,57,20.9,44261
171,2,59,25.4,48011
171,2,60,26,48021
171,2,61,26.4,48031
171,2,62,27.1,48041
171,2,63,28.1,48051
171,2,64,28.8,48061
171,2,65,29.5,48141
171,2,66,31.2,57051
171,2,67,31.7,57061
171,2,68,32.3,57071
171,2,69,32.6,57081
171,2,70,33,59119
171,2,71,33.5,59149
171,2,72,34.3,59009
172,1,1,0,44009
172,1,2,0.6,44539
172,1,3,1.1,44399
172,1,4,1.5,44111
172,1,5,2,44109
172,1,6,2.3,44099
172,1,7,2.7,44089
172,1,8,3.1,44689
172,1,9,3.4,44079
172,1,10,3.7,30089
172,1,11,4.2,30099
172,1,12,5,30059
172,1,13,5.3,30049
172,1,14,5.8,30039
172,1,15,6.1,30029
172,1,16,6.6,30019
172,1,17,7.1,31199
172,1,18,7.9,31179
172,1,19,8.3,31169
172,1,20,8.7,31159
172,1,21,9,31059
172,1,22,9.3,31049
172,1,23,9.6,31039
172,1,24,10,31029
172,1,25,10.3,31019
172,1,26,10.8,27129
172,1,27,11.4,27109
172,1,28,11.9,27099
172,1,29,12.6,21379
172,1,30,12.9,21369
172,1,32,14,22491
172,1,33,14.5,22009
172,2,1,0,22009
172,2,2,0.7,22499
172,2,4,1.8,21361
172,2,5,2.1,21371
172,2,6,2.6,27091
172,2,7,3.1,27101
172,2,8,3.8,27121
172,2,9,4.2,31011
172,2,10,4.6,31021
172,2,11,5,31031
172,2,12,5.3,31041
172,2,13,5.7,31051
172,2,14,6,31151
172,2,15,6.7,31161
172,2,16,6.9,31171
172,2,17,7.6,31191
172,2,18,8.1,30011
172,2,19,8.4,30021
172,2,20,8.7,30031
172,2,21,8.9,30041
172,2,22,9.3,30051
172,2,23,10.2,30091
172,2,24,10.8,30081
172,2,25,11.1,44071
172,2,26,11.6,45451
172,2,27,11.8,44081
172,2,28,12.2,44091
172,2,29,12.5,44101
172,2,30,13,44119
172,2,31,13.4,44391
172,2,32,14.2,44009
173,1,1,0,43009
173,1,2,0.4,43419
173,1,3,0.8,43399
173,1,4,1.2,43389
173,1,5,1.6,43519
173,1,6,2.1,43749
173,1,7,2.4,43739
173,1,8,2.9,43169
173,1,9,3.7,43231
173,1,10,4,43241
173,1,11,4.3,43291
173,1,12,4.4,43301
173,1,13,4.9,43261
173,1,14,5.6,43811
173,1,15,6,43821
173,1,16,6.6,43029
173,1,17,7.1,43019
173,1,18,7.4,42119
173,1,19,8.1,42099
173,1,20,8.3,42151
173,1,21,8.6,42161
173,1,22,8.9,42239
173,1,23,9.3,42309
173,1,24,9.6,42249
173,1,25,10,42291
173,1,26,10.2,42209
173,1,27,11.1,28109
173,1,28,11.5,28189
173,1,29,12.2,28019
173,1,30,12.8,20109
173,1,31,13.2,17189
173,1,32,13.5,17009
173,1,33,14,17181
173,1,34,14.3,20101
173,1,35,14.9,28011
173,1,36,15.7,28181
173,1,37,16.1,28101
173,1,38,17.1,42201
173,1,39,17.4,42299
173,1,40,17.8,42241
173,1,41,18.1,42301
173,1,42,18.4,42231
173,1,43,18.8,42169
173,1,44,19,42159
173,1,45,19.4,42091
173,1,46,19.9,42111
173,1,47,20.1,43011
173,1,48,20.6,43021
173,1,49,21.3,43829
173,1,50,21.6,43819
173,1,51,22.3,43267
173,1,52,22.8,43309
173,1,53,23,43289
173,1,54,23.3,43249
173,1,55,23.7,43239
173,1,56,24.5,43161
173,1,57,25,43731
173,1,58,25.3,43741
173,1,59,25.7,43511
173,1,60,26.1,43381
173,1,61,26.5,43391
173,1,62,27,43411
173,1,63,27.4,43009
173A,1,1,0,43009
173A,1,2,0.4,43419
173A,1,3,0.8,43399
173A,1,4,1.2,43389
173A,1,5,1.6,43519
173A,1,6,2.1,43749
173A,1,7,2.4,43739
173A,1,8,2.9,43169
174,1,1,0,22009
174,1,2,0.6,21361
174,1,3,0.9,21399
174,1,4,1.3,21421
174,1,5,1.7,21241
174,1,6,1.8,21161
174,1,7,3,28169
174,1,8,3.2,28159
174,1,9,4.1,28149
174,1,10,4.3,28139
174,1,11,4.8,28129
174,1,12,5.2,28119
174,1,13,5.5,43459
174,1,14,6,43349
174,1,15,6.4,43539
174,1,16,6.7,43409
174,1,17,7.2,43411
174,1,18,7.8,43179
174,1,19,8.2,43189
174,1,20,8.6,43199
174,1,21,9.1,43209
174,1,22,9.6,42199
174,1,23,9.9,42189
174,1,24,10.2,42179
174,1,25,10.6,42169
174,1,26,10.8,42159
174,1,27,11.1,42259
174,1,28,11.5,42089
174,1,29,12.2,42059
174,1,30,12.4,42049
174,1,31,12.8,42039
174,1,32,13.3,42029
174,1,33,13.8,42019
174,1,34,14.2,41089
174,1,35,14.6,41079
174,1,36,15.2,41069
174,1,37,15.6,41049
174,1,38,16.4,41119
174,1,39,16.7,41109
174,1,40,17.1,11119
174,1,41,17.4,11109
174,1,42,17.7,11099
174,1,43,18.1,11229
174,1,44,18.3,11219
174,1,45,18.7,11209
174,1,46,19.1,13029
174,1,47,19.8,13019
174,1,48,19.9,09149
174,1,49,20.5,09159
174,1,50,20.8,09169
174,1,51,21.1,09179
174,1,52,21.4,09047
174,1,53,21.9,09037
174,1,54,22.6,08138
174,1,55,23,08057
174,1,56,23.5,08069
174,1,57,24.3,04167
174,1,58,24.6,04249
174,1,59,25,05029
174,1,61,25.6,05131
174,1,62,26,06171
174,1,63,26.7,06031
174,1,64,27.4,06029
174,1,65,28,10011
174,1,66,28.3,10041
174,1,67,28.9,10499
174,2,1,0,10499
174,2,2,0.7,10049
174,2,3,1.1,10017
174,2,4,1.7,06011
174,2,5,2.6,06039
174,2,6,3.1,06189
174,2,7,3.4,05023
174,2,8,3.7,04222
174,2,9,4,04223
174,2,10,4.4,04143
174,2,11,4.7,04121
174,2,12,5,08041
174,2,13,5.3,08031
174,2,14,5.8,08111
174,2,15,6.1,08121
174,2,16,6.4,09059
174,2,17,6.9,09022
174,2,18,7.4,09111
174,2,19,7.7,09121
174,2,20,8.3,09131
174,2,21,8.6,09141
174,2,22,8.9,13011
174,2,23,9.5,13021
174,2,24,9.8,11201
174,2,25,10.1,11211
174,2,26,10.6,11221
174,2,27,11,11091
174,2,28,11.5,11101
174,2,29,11.8,11111
174,2,30,12,41101
174,2,31,12.4,41111
174,2,32,12.8,41031
174,2,33,13,41041
174,2,34,13.4,41051
174,2,35,13.6,41061
174,2,36,14,41071
174,2,37,14.6,41081
174,2,38,14.9,42011
174,2,39,15.2,42021
174,2,40,15.5,42031
174,2,41,15.9,42041
174,2,42,16.4,42051
174,2,43,16.7,42061
174,2,44,17.1,42071
174,2,45,17.4,42151
174,2,46,17.7,42161
174,2,47,18.1,42171
174,2,48,18.4,42181
174,2,49,18.8,42191
174,2,50,19.1,43201
174,2,51,19.7,43191
174,2,52,20.1,43181
174,2,53,20.5,43171
174,2,54,21.1,43419
174,2,55,21.5,43401
174,2,56,21.9,43531
174,2,57,22.3,43341
174,2,58,22.8,43452
174,2,59,23.3,28111
174,2,60,23.7,28121
174,2,61,24.1,28131
174,2,62,24.4,28141
174,2,63,25.2,28151
174,2,64,25.4,28161
174,2,65,26.7,21249
174,2,66,27.1,21429
174,2,67,27.5,21391
174,2,68,27.8,21369
174,2,69,28.7,22009
174e,1,1,0,22009
174e,1,2,0.6,21361
174e,1,3,0.9,21399
174e,1,4,1.3,21421
174e,1,5,1.7,21241
174e,1,6,6,43349
174e,1,7,6.4,43539
174e,1,8,6.7,43409
174e,1,9,7.2,43411
174e,1,10,7.8,43179
174e,1,11,8.2,43189
174e,1,12,8.6,43199
174e,1,15,9.9,42189
174e,1,16,10.2,42179
174e,1,17,10.6,42169
174e,1,18,10.8,42159
174e,1,39,19.8,13019
174e,1,41,20.5,09159
174e,1,42,20.8,09169
174e,1,43,21.1,09179
174e,1,44,21.4,09047
174e,1,45,21.9,09037
174e,1,46,22.6,08138
174e,1,47,23,08057
174e,1,48,23.5,08069
174e,1,49,24.3,04167
174e,1,50,24.6,04249
174e,1,51,25,05029
174e,1,53,25.6,05131
174e,1,54,26,06171
174e,1,55,26.7,06031
174e,1,56,27.4,06029
174e,1,57,28,10011
174e,1,58,28.9,10499
174e,2,1,0,10499
174e,2,2,1.2,10017
174e,2,3,1.8,06011
174e,2,4,2.7,06039
174e,2,5,3.2,06189
174e,2,6,3.5,05023
174e,2,7,3.8,04222
174e,2,8,4.1,04223
174e,2,9,4.5,04143
174e,2,10,4.8,04121
174e,2,11,5.1,08041
174e,2,12,5.4,08031
174e,2,13,5.9,08111
174e,2,14,6.2,08121
174e,2,15,6.5,09059
174e,2,16,7,09022
174e,2,17,7.5,09111
174e,2,18,7.8,09121
174e,2,19,8.4,09131
174e,2,21,9,13011
174e,2,44,17.5,42151
174e,2,45,17.8,42161
174e,2,46,18.2,42171
174e,2,47,18.5,42181
174e,2,50,19.8,43191
174e,2,51,20.2,43181
174e,2,52,20.6,43171
174e,2,53,21.2,43419
174e,2,54,21.6,43401
174e,2,55,22,43531
174e,2,56,22.4,43341
174e,2,57,26.8,21249
174e,2,58,27.2,21429
174e,2,59,27.6,21391
174e,2,60,27.9,21369
174e,2,61,28.8,22009
175,1,1,0,17009
175,1,2,0.6,17239
175,1,3,1,17259
175,1,4,1.9,17049
175,1,5,2.3,17039
175,1,6,2.9,17369
175,1,7,3.3,17309
175,1,8,3.5,17359
175,1,9,3.9,17299
175,1,10,4.5,16249
175,1,11,5.1,16239
175,1,12,5.6,16229
175,1,13,6,16219
175,1,14,6.4,15219
175,1,15,6.8,15209
175,1,16,7.1,15199
175,1,17,7.6,15169
175,1,18,7.8,15159
175,1,19,8.1,15149
175,1,20,8.5,15041
175,1,21,8.8,15051
175,1,23,9.5,14369
175,1,24,9.8,14219
175,1,25,10.1,14209
175,1,26,10.5,14199
175,1,27,11.2,10331
175,1,28,11.7,10089
175,1,29,12.3,10079
175,1,31,13.6,06051
175,1,32,13.8,06071
175,1,33,14,06081
175,1,34,14.5,06131
175,1,35,14.8,13121
175,1,36,15.2,13141
175,1,37,15.8,13191
175,1,38,16.5,09048
175,1,39,17.1,09038
175,1,40,17.5,08138
175,1,41,17.9,08057
175,1,42,18.4,08069
175,1,43,18.7,04179
175,1,44,18.9,01012
175,1,45,19.4,01112
175,1,46,20,01121
175,1,47,20.3,01211
175,1,48,20.6,01311
175,1,49,21,07371
175,1,50,21.6,60011
175,1,51,22.2,60021
175,1,52,22.7,60031
175,1,53,23,80291
175,1,54,23.4,80301
175,1,55,23.6,80311
175,1,56,23.8,80109
175,1,57,24.4,80009
175,2,1,0,80009
175,2,2,0.4,80101
175,2,3,0.7,80319
175,2,4,1,80309
175,2,5,1.3,80299
175,2,6,1.6,60039
175,2,7,2.1,60029
175,2,8,2.6,60019
175,2,9,2.9,07369
175,2,10,3.2,07379
175,2,11,3.4,01339
175,2,12,3.8,01329
175,2,13,4.3,01229
175,2,14,4.7,01139
175,2,15,5,01039
175,2,16,5.2,01029
175,2,17,5.7,04111
175,2,18,6.1,04121
175,2,19,6.4,08041
175,2,20,6.7,08031
175,2,21,7.2,08111
175,2,22,7.5,08121
175,2,23,7.8,09059
175,2,24,8.3,09022
175,2,25,8.7,13199
175,2,26,9.2,13159
175,2,27,9.6,13139
175,2,28,9.8,13119
175,2,29,10.2,06129
175,2,30,10.7,06069
175,2,33,12.4,10071
175,2,34,12.6,10501
175,2,35,12.9,10081
175,2,36,13.4,10339
175,2,37,13.6,14241
175,2,38,14.4,14191
175,2,39,14.7,14201
175,2,40,15,14471
175,2,41,15.2,14211
175,2,42,15.6,18019
175,2,43,16.1,15059
175,2,44,16.4,15049
175,2,45,16.8,15141
175,2,46,17.1,15151
175,2,47,17.3,15161
175,2,48,17.8,15191
175,2,49,18.1,15201
175,2,50,18.5,15211
175,2,51,18.8,16211
175,2,52,19.3,16221
175,2,53,19.8,16231
175,2,54,20.4,16241
175,2,55,21,17291
175,2,56,21.3,17351
175,2,57,21.7,17301
175,2,59,22.3,17081
175,2,60,22.7,17031
175,2,61,23,17041
175,2,62,24,17251
175,2,63,24.2,17161
175,2,64,24.6,17171
175,2,65,24.8,17009
176,1,1,0,45009
176,1,3,0.4,44259
176,1,4,0.7,44029
176,1,5,1,44019
176,1,6,1.3,43119
176,1,7,1.7,43109
176,1,8,1.9,43099
176,1,9,2.2,43089
176,1,10,3,43279
176,1,11,3.3,43268
176,1,12,3.7,43259
176,1,13,3.9,43249
176,1,14,4.3,43239
176,1,15,4.5,43449
176,1,16,4.8,43439
176,1,17,5.1,43429
176,1,18,5.7,43419
176,1,19,6.1,43401
176,1,20,6.5,43321
176,1,21,6.9,43371
176,1,22,7.2,43699
176,1,23,7.6,28629
176,1,24,8.1,28319
176,1,25,8.4,28449
176,1,26,8.6,28431
176,1,27,8.9,28249
176,1,28,9.4,28239
176,1,29,10,28229
176,1,30,10.4,20269
176,1,31,10.6,20259
176,1,32,10.9,20159
176,1,33,11.2,20149
176,1,34,11.6,20139
176,1,35,12.1,20289
176,1,36,12.8,17339
176,1,37,13.2,17329
176,1,38,13.6,17319
176,1,39,14,17369
176,1,40,14.4,17309
176,1,41,14.6,17359
176,1,42,15,17299
176,1,43,15.6,16249
176,1,44,16.2,16239
176,1,45,16.7,16229
176,1,46,17.1,16219
176,1,47,17.5,15219
176,1,48,17.9,15209
176,1,49,18.2,15199
176,1,50,18.7,15169
176,1,51,18.9,15159
176,1,52,19.2,15149
176,1,53,19.6,14189
176,1,54,19.9,14179
176,1,55,20.3,14169
176,1,56,20.8,14041
176,1,57,21.2,14051
176,1,58,21.7,14241
176,1,59,22,10331
176,1,60,22.3,10009
176,2,1,0,10009
176,2,2,0.4,10339
176,2,3,0.6,14249
176,2,4,1.1,14059
176,2,5,1.5,14049
176,2,6,2,14161
176,2,7,2.4,14171
176,2,8,3.1,15141
176,2,9,3.4,15151
176,2,10,3.6,15161
176,2,11,4.1,15191
176,2,12,4.4,15201
176,2,13,4.8,15211
176,2,14,5.1,16211
176,2,15,5.6,16221
176,2,16,6.1,16231
176,2,17,6.7,16241
176,2,18,7.3,17291
176,2,19,7.6,17351
176,2,20,8,17301
176,2,21,8.4,17361
176,2,22,8.7,17311
176,2,23,9.2,17321
176,2,24,9.6,17331
176,2,25,10.2,20281
176,2,26,10.8,20131
176,2,27,11.2,20141
176,2,28,11.5,20151
176,2,29,11.8,20251
176,2,30,12,20261
176,2,31,12.4,20271
176,2,32,12.7,28221
176,2,33,13,28231
176,2,34,13.4,28241
176,2,35,13.8,28439
176,2,36,14,28441
176,2,37,14.4,28311
176,2,38,14.9,28621
176,2,39,15.4,43691
176,2,40,15.8,43379
176,2,41,16.1,43329
176,2,42,16.5,43409
176,2,43,17,43411
176,2,44,17.6,43421
176,2,45,17.9,43431
176,2,46,18.2,43441
176,2,47,18.5,43231
176,2,48,18.8,43241
176,2,49,19.1,43251
176,2,50,19.5,43261
176,2,51,19.8,43271
176,2,52,20.1,43061
176,2,53,20.3,43071
176,2,54,20.5,43081
176,2,55,20.8,43091
176,2,56,21.3,43111
176,2,57,21.5,44011
176,2,58,21.9,44021
176,2,59,22.2,44251
176,2,61,22.9,45009
177,1,1,0,43009
177,1,2,0.6,43179
177,1,3,1.2,43169
177,1,4,2,43231
177,1,5,2.3,43241
177,1,6,2.6,43251
177,1,7,3,43261
177,1,8,3.3,43151
177,1,9,4.2,43719
177,1,10,4.9,43111
177,1,11,5.1,44011
177,1,12,5.5,44021
177,1,13,6,44251
177,1,14,6.4,44739
177,1,15,6.6,44859
177,1,16,6.8,44019
177,1,17,7.1,43119
177,1,18,7.5,43721
177,1,19,8,43719
177,1,20,8.8,43159
177,1,21,9.2,43268
177,1,22,9.6,43259
177,1,23,9.8,43249
177,1,24,10.2,43239
177,1,25,11,43161
177,1,26,11.4,43171
177,1,27,11.9,43009
178,1,1,0,46009
178,1,2,0.6,46291
178,1,3,1.1,46199
178,1,4,1.4,46181
178,1,5,1.6,46209
178,1,6,1.8,46709
178,1,7,2.2,46119
178,1,8,2.7,46091
178,1,9,3.1,46059
178,1,10,3.4,46049
178,1,11,3.9,46039
178,1,12,4.4,46029
178,1,13,4.9,45139
178,1,14,5.3,45129
178,1,15,5.7,45119
178,1,16,6.2,45109
178,1,17,6.7,45099
178,1,18,7.1,45079
178,1,19,7.6,45069
178,1,20,7.9,45059
178,1,21,8.5,45049
178,1,22,8.7,45039
178,1,23,9,45029
178,1,24,9.2,44999
178,1,25,9.6,45019
178,1,26,9.9,44069
178,1,27,10.1,44059
178,1,28,10.6,44049
178,1,29,10.9,44029
178,1,30,11.2,44019
178,1,31,11.5,43119
178,1,32,11.9,43109
178,1,33,12.1,43099
178,1,34,12.4,43089
178,1,35,12.9,43069
178,1,36,13.3,43059
178,1,37,13.6,43049
178,1,38,14.1,43029
178,1,39,14.7,43631
178,1,40,15.2,43201
178,1,41,15.8,43191
178,1,42,16.2,43181
178,1,43,16.6,43171
178,1,44,17.2,43419
178,1,45,17.6,43401
178,1,46,18,43531
178,1,47,18.4,43341
178,1,48,18.9,43453
178,1,49,19.3,28299
178,1,50,19.6,28289
178,1,51,19.9,28279
178,1,52,20.2,28269
178,1,53,20.6,28259
178,1,54,20.9,28249
178,1,55,21.4,28239
178,1,56,21.9,28309
178,1,57,22.6,20061
178,1,58,23.2,20081
178,1,59,24.4,21011
178,1,60,24.9,21021
178,1,61,25.7,21171
178,1,62,26.2,21181
178,1,63,26.5,21191
178,1,64,26.7,21271
178,1,65,27,21201
178,1,66,27.4,21211
178,1,67,27.8,21681
178,1,68,28.1,21691
178,1,69,29.2,22491
178,1,70,29.7,22009
178,2,1,0,22009
178,2,2,0.7,22499
178,2,3,1.8,21699
178,2,4,2,21689
178,2,5,2.3,21229
178,2,6,2.5,21219
178,2,7,2.9,21209
178,2,8,3.2,21279
178,2,9,3.4,21199
178,2,10,3.8,21189
178,2,11,4.3,21179
178,2,12,4.8,21029
178,2,13,5.4,21019
178,2,14,6.8,20089
178,2,15,7.4,20069
178,2,16,7.7,20271
178,2,17,8,28221
178,2,18,8.3,28231
178,2,19,8.7,28241
178,2,20,9.1,28251
178,2,21,9.4,28261
178,2,22,9.8,28271
178,2,23,10.1,28281
178,2,24,10.4,28291
178,2,25,10.9,43459
178,2,26,11.4,43349
178,2,27,11.8,43539
178,2,28,12.1,43409
178,2,29,12.6,43411
178,2,30,13.2,43179
178,2,31,13.6,43189
178,2,32,14,43199
178,2,33,14.5,43209
178,2,34,15.1,43639
178,2,35,15.6,43021
178,2,36,16.1,43041
178,2,37,16.7,43051
178,2,38,17,43061
178,2,39,17.2,43071
178,2,40,17.4,43081
178,2,41,17.7,43091
178,2,42,18.2,43111
178,2,43,18.4,44011
178,2,44,18.8,44021
178,2,45,19.1,44041
178,2,46,19.6,44051
178,2,47,19.8,43991
178,2,48,20,44061
178,2,49,20.2,45011
178,2,50,20.6,45021
178,2,51,21,45031
178,2,52,21.5,45041
178,2,53,21.8,45051
178,2,54,22.2,45061
178,2,55,22.5,45071
178,2,56,23,45091
178,2,57,23.5,45101
178,2,58,23.9,45111
178,2,59,24.4,45121
178,2,60,24.7,45131
178,2,61,25.5,46389
178,2,62,26.2,46499
178,2,63,26.6,46519
178,2,64,26.9,46509
178,2,65,27.7,46069
178,2,66,28,46088
178,2,67,28.4,46111
178,2,68,28.9,46201
178,2,69,29.1,46189
178,2,70,29.4,46191
178,2,71,29.8,46299
178,2,72,30.3,46009
178A,1,1,0,46009
178A,1,2,0.6,46291
178A,1,3,1.1,46199
178A,1,4,1.4,46181
178A,1,5,1.6,46209
178A,1,6,1.8,46709
178A,1,7,2.2,46119
178A,1,8,2.7,46091
178A,1,9,3.1,46059
178A,1,10,3.4,46049
178A,1,11,3.9,46039
178A,1,12,4.4,46029
178A,1,13,4.9,45139
179,1,1,0,22009
179,1,2,0.8,22501
179,1,3,1.1,22511
179,1,4,1.4,22521
179,1,5,1.7,22451
179,1,6,2,27301
179,1,7,2.5,27321
179,1,8,3.3,27281
179,1,9,3.6,27291
179,1,10,3.8,27311
179,1,11,4.1,27061
179,1,12,4.5,27211
179,1,13,4.9,27221
179,1,14,5.4,27231
179,1,15,5.9,27241
179,1,16,6.2,27251
179,1,17,6.6,27261
179,1,18,7.6,27329
179,1,19,8,27309
179,1,20,8.3,22459
179,1,21,8.6,22529
179,1,22,8.9,22519
179,1,23,9.2,22509
179,1,24,9.7,22009
179A,1,1,0,22009
179A,1,8,3.3,27281
179A,1,9,3.6,27291
179A,1,10,3.8,27311
179A,1,11,4.1,27061
179A,1,12,4.5,27211
179A,1,13,4.9,27221
179A,1,14,5.4,27231
179A,1,15,5.9,27241
179A,1,16,6.2,27251
179A,1,17,6.6,27261
179A,1,24,9.7,22009
17A,1,1,12.6,84009
17A,1,2,13.2,84301
17A,1,3,13.5,84311
17A,1,4,13.8,84321
17A,1,5,14.1,84341
17A,1,6,14.5,84221
17A,1,7,15.1,84251
17A,1,8,15.5,84261
17A,1,9,16,84271
17A,1,10,16.4,84591
18,1,1,0,75019
18,1,2,0.4,76559
18,1,3,0.7,76191
18,1,4,1.1,76201
18,1,5,1.4,76211
18,1,6,1.7,76221
18,1,7,2.1,76231
18,1,8,2.5,76469
18,1,9,3.1,76439
18,1,10,3.3,76449
18,1,11,3.5,76459
18,1,12,3.9,76419
18,1,13,4.1,76109
18,1,14,4.5,76099
18,1,15,4.9,76089
18,1,16,5.3,76079
18,1,17,6,75059
18,1,18,6.7,75069
18,1,19,7.1,75349
18,1,20,7.3,84209
18,1,22,8.1,84349
18,1,23,8.5,84331
18,1,24,9.1,84009
18,1,25,9.8,84339
18,1,26,10.2,84341
18,1,27,10.5,84521
18,1,28,11,84201
18,1,29,11.3,75341
18,1,30,11.7,75061
18,1,31,12.4,75051
18,1,32,13.1,76071
18,1,33,13.6,76081
18,1,34,14,76091
18,1,35,14.4,76101
18,1,36,14.8,76411
18,1,37,15.2,76451
18,1,38,15.5,76441
18,1,39,15.8,76431
18,1,40,16.1,76461
18,1,41,16.5,76239
18,1,42,16.9,76229
18,1,43,17.2,76219
18,1,44,17.6,76209
18,1,45,17.9,76199
18,1,46,18.2,76551
18,1,47,18.8,75019
180,1,1,0,22009
180,1,2,0.7,22499
180,1,3,1.8,21699
180,1,4,2,21689
180,1,5,2.6,28099
180,1,6,3.1,28379
180,1,7,3.5,28369
180,1,8,3.9,28359
180,1,9,4.2,28349
180,1,10,4.5,28281
180,1,11,4.8,28291
180,1,12,5.3,43459
180,1,13,5.6,43761
180,1,14,6.2,43751
180,1,15,6.6,43781
180,1,16,7.1,43771
180,1,17,7.5,43671
180,1,18,8,44171
180,1,19,8.5,44161
180,1,20,9,44151
180,1,21,9.5,44131
180,1,22,9.8,44141
180,1,24,10.4,44029
180,1,25,10.7,45009
180,1,26,11.1,44259
180,1,27,11.8,44149
180,1,28,12.1,44139
180,1,29,12.6,44159
180,1,30,13.1,44169
180,1,31,13.5,44179
180,1,32,14,43679
180,1,33,14.4,43779
180,1,34,14.8,43789
180,1,35,15.3,43759
180,1,36,15.8,43769
180,1,37,16.2,43453
180,1,38,16.6,28299
180,1,39,16.9,28289
180,1,40,17.3,28341
180,1,41,17.5,28351
180,1,42,17.9,28361
180,1,43,18.3,28371
180,1,44,18.8,28091
180,1,45,19.5,21681
180,1,46,19.8,21691
180,1,47,20.9,22491
180,1,48,21.4,22009
180A,1,1,0,22009
180A,1,2,0.7,22499
180A,1,3,1.8,21699
180A,1,4,2,21689
180A,1,5,2.6,28099
180A,1,6,3.1,28379
180A,1,7,3.5,28369
180A,1,8,3.9,28359
180A,1,9,4.2,28349
180A,1,10,4.5,28281
180A,1,11,4.8,28291
180A,1,12,5.3,43459
180A,1,13,5.6,43761
180A,1,14,6.2,43751
180A,1,15,6.6,43781
180A,1,16,7.1,43771
180A,1,17,7.5,43671
180A,1,18,8,44171
180A,1,19,8.5,44161
180A,1,20,9,44151
180A,1,21,9.5,44131
180A,1,22,9.8,44141
180A,1,24,10.4,44029
180A,1,25,10.7,45009
180A,1,26,11.1,44259
181,1,1,0,22009
181,1,2,0.8,22441
181,1,3,1.1,22591
181,1,4,1.5,27371
181,1,5,1.9,27381
181,1,6,2.2,27439
181,1,7,2.7,27449
181,1,8,3,27459
181,1,9,3.2,27469
181,1,10,3.5,27461
181,1,11,3.7,27451
181,1,12,4.1,27441
181,1,13,4.5,27431
181,1,14,4.7,27389
181,1,15,5,27379
181,1,16,5.5,22599
181,1,17,5.7,22449
181,1,18,6.2,22009
181M,1,1,0,22009
181M,1,2,0.8,22441
181M,1,3,1.1,22591
181M,1,4,1.5,27371
181M,1,5,1.9,27381
181M,1,6,2.2,27439
181M,1,7,2.7,27449
181M,1,8,3.2,27459
181M,1,9,3.4,27469
181M,1,10,4.1,27479
181M,1,11,4.8,27451
181M,1,12,5.2,27441
181M,1,13,5.6,27431
181M,1,14,5.8,27389
181M,1,15,6.1,27379
181M,1,16,6.6,22599
181M,1,17,6.8,22449
181M,1,18,7.3,22009
182,1,1,0,24009
182,1,2,0.8,23081
182,1,3,1.2,24041
182,1,4,2.6,24501
182,1,5,3.9,25219
182,1,6,4.7,25229
182,1,7,5.3,25239
182,1,8,5.7,25249
182,1,9,6.4,25259
182,1,10,7,25269
182,1,11,7.6,25411
182,1,12,7.9,25421
182,1,13,8.2,25431
182,1,14,8.6,25441
182,1,15,8.9,25451
182,1,16,9.3,25461
182,1,17,9.6,26201
182,1,19,10.5,26249
182,1,20,10.8,26259
182,1,21,11.3,26269
182,1,22,11.7,26279
182,1,23,12,26289
182,1,24,12.4,26299
182,1,26,13.1,26369
182,1,27,13.4,26379
182,1,28,14,26389
182,1,29,14.4,26399
182,1,30,14.7,26409
182,1,31,15,26419
182,1,32,15.3,26429
182,1,33,15.6,26211
182,1,34,15.8,26221
182,1,35,16.1,26431
182,1,36,16.4,26441
182,1,37,16.7,26451
182,1,38,17.2,26461
182,1,39,17.5,26311
182,1,40,17.8,26321
182,1,41,18.2,26331
182,1,42,18.7,26349
182,1,43,19.2,26261
182,1,44,19.6,26251
182,1,45,19.9,26241
182,1,47,20.8,26209
182,1,48,21.1,25469
182,1,49,21.5,25459
182,1,50,21.8,25449
182,1,51,22.2,25439
182,1,52,22.4,25429
182,1,53,22.9,25419
182,1,54,23.4,25269
182,1,55,24.9,25231
182,1,56,25.5,25221
182,1,57,27.5,24509
182,1,58,28.8,24049
182,1,59,29.3,23089
182,1,60,29.9,24009
182M,1,1,0,24009
182M,1,2,0.8,23081
182M,1,3,1.2,24041
182M,1,4,2.6,24501
182M,1,5,3.9,25219
182M,1,6,4.7,25229
182M,1,7,5.3,25239
182M,1,8,5.7,25249
182M,1,9,6.4,25259
182M,1,10,6.8,25411
182M,1,11,7.1,25421
182M,1,12,7.4,25431
182M,1,13,7.8,25441
182M,1,14,8.1,25451
182M,1,15,8.5,25461
182M,1,16,8.8,26201
182M,1,18,9.7,26249
182M,1,19,10,26259
182M,1,20,10.5,26269
182M,1,21,10.9,26279
182M,1,22,11.2,26289
182M,1,23,11.6,26299
182M,1,25,12.3,26369
182M,1,26,12.6,26379
182M,1,27,13.2,26389
182M,1,28,13.6,26399
182M,1,29,13.9,26409
182M,1,30,14.2,26419
182M,1,31,14.5,26429
182M,1,32,14.8,26211
182M,1,33,15,26221
182M,1,34,15.3,26431
182M,1,35,15.6,26441
182M,1,36,15.9,26451
182M,1,37,16.4,26461
182M,1,38,16.7,26311
182M,1,39,17,26321
182M,1,40,17.4,26331
182M,1,41,17.9,26349
182M,1,42,18.4,26261
182M,1,43,18.8,26251
182M,1,44,19.1,26241
182M,1,46,20,26209
182M,1,47,20.3,25469
182M,1,48,20.7,25459
182M,1,49,21,25449
182M,1,50,21.4,25439
182M,1,51,21.6,25429
182M,1,52,22.1,25419
182M,1,53,22.6,25269
182M,1,54,24.1,25231
182M,1,55,24.7,25221
182M,1,56,26.7,24509
182M,1,57,28,24049
182M,1,58,28.5,23089
182M,1,59,29.1,24009
183,1,1,0,28009
183,1,2,0.5,28441
183,1,3,0.9,28311
183,1,4,1.4,28631
183,1,5,1.7,28641
183,1,6,2.3,28661
183,1,7,2.6,28671
183,1,8,2.9,28681
183,1,9,3.2,28691
183,1,10,3.8,28701
183,1,11,4,28189
183,1,12,4.7,28019
183,1,13,5.3,20109
183,1,14,5.7,17189
183,1,15,6,17179
183,1,16,6.3,17169
183,1,17,6.7,17159
183,1,18,7.5,17099
183,1,19,8.3,16159
183,1,20,8.6,16149
183,1,21,8.9,16139
183,1,22,9.4,16089
183,1,23,9.7,16079
183,1,24,10,16069
183,1,25,10.3,16059
183,1,26,10.5,16049
183,1,27,10.8,16101
183,1,28,11.2,16111
183,1,29,11.4,16121
183,1,30,11.7,16119
183,1,31,12.1,16109
183,1,32,12.4,16041
183,1,33,12.7,16051
183,1,34,12.9,16061
183,1,35,13.1,16071
183,1,36,13.4,16081
183,1,37,13.8,16131
183,1,38,14.1,16141
183,1,39,14.4,16151
183,1,40,15.4,17091
183,1,41,16,17151
183,1,42,16.3,17161
183,1,43,16.7,17171
183,1,44,17,17181
183,1,45,17.3,20101
183,1,46,17.9,28011
183,1,47,18.7,28181
183,1,48,19,28709
183,1,49,19.6,28699
183,1,50,19.9,28689
183,1,51,20.3,28679
183,1,52,20.5,28669
183,1,53,21.1,28649
183,1,54,21.4,28639
183,1,55,21.8,28319
183,1,56,22.1,28449
183,1,57,22.6,28009
183B,1,1,0,28009
183B,1,2,0.5,28441
183B,1,3,0.9,28311
183B,1,4,1.4,28631
183B,1,5,1.7,28641
183B,1,6,2.3,28661
183B,1,7,2.6,28671
183B,1,8,2.9,28681
183B,1,9,3.2,28691
183B,1,10,3.8,28701
183B,1,11,4,28189
184,1,1,0,48009
184,1,3,0.5,44049
184,1,4,0.7,44251
184,1,5,1.1,44241
184,1,6,1.6,44231
184,1,7,2,44229
184,1,8,2.6,43139
184,1,9,3,43129
184,1,10,3.5,43099
184,1,11,3.8,43089
184,1,12,4.3,43069
184,1,13,4.7,43059
184,1,14,5,43049
184,1,15,5.5,43029
184,1,16,6,43019
184,1,17,6.3,42119
184,1,18,6.9,42109
184,1,19,7.3,42089
184,1,20,7.8,42149
184,1,21,8.4,12109
184,1,22,8.8,12099
184,1,23,9,12089
184,1,24,9.5,12079
184,1,25,9.8,12069
184,1,26,10.8,17229
184,1,27,11.3,17179
184,1,28,11.6,17169
184,1,29,12.1,17241
184,1,30,12.6,17111
184,1,31,13,12061
184,1,32,13.3,12071
184,1,33,13.8,12081
184,1,34,14.2,12091
184,1,35,14.6,12101
184,1,36,15,42141
184,1,37,15.4,42071
184,1,38,15.9,42091
184,1,39,16.4,42111
184,1,40,16.6,43011
184,1,41,17.1,43021
184,1,42,17.6,43041
184,1,43,18.2,43051
184,1,44,18.5,43061
184,1,45,18.7,43071
184,1,46,18.9,43081
184,1,47,19.6,43121
184,1,48,20.1,43131
184,1,49,20.6,44221
184,1,50,21,44239
184,1,51,21.4,44249
184,1,52,21.8,44259
184,1,53,22.2,44041
184,1,54,0,E4402
184,1,55,22.6,48009
185,1,1,0,22609
185,1,2,0.1,22191
185,1,3,0.4,22181
185,1,4,0.7,22461
185,1,5,1.1,22451
185,1,6,1.4,27301
185,1,7,1.8,27369
185,1,8,2.1,27359
185,1,9,2.7,27439
185,1,10,3.1,27449
185,1,11,3.6,27459
185,1,12,3.8,27469
185,1,13,4.5,27479
185,1,14,5.2,21169
185,1,15,5.6,28539
185,1,16,5.9,28409
185,1,17,6.2,28529
185,1,18,6.7,28519
185,1,19,6.9,28509
185,1,20,7.4,28499
185,1,21,7.8,28469
185,1,22,8.2,28459
185,1,23,8.5,28291
185,1,25,13.2,12209
185,1,26,13.9,17379
185,1,27,14.2,17189
185,1,28,14.5,17179
185,1,29,14.8,17169
185,1,30,15.2,17159
185,1,31,15.7,19049
185,1,32,16.2,19039
185,1,33,16.7,19029
185,1,34,17,19019
185,1,35,17.4,11199
185,1,36,17.9,11189
185,1,37,18.4,11389
185,1,38,18.6,11379
185,2,1,0,11379
185,2,2,0.3,11381
185,2,3,0.7,11181
185,2,4,1.2,11191
185,2,5,1.7,19011
185,2,6,2.1,19021
185,2,7,2.5,19031
185,2,8,2.9,19041
185,2,9,3.6,17151
185,2,10,3.9,17161
185,2,11,4.3,17171
185,2,12,4.6,17181
185,2,13,5,17371
185,2,14,5.7,12201
185,2,16,9.8,28299
185,2,17,10.1,28451
185,2,18,10.5,28461
185,2,19,11,28491
185,2,20,11.4,28501
185,2,21,11.8,28511
185,2,22,12.1,28521
185,2,23,12.4,28401
185,2,24,12.7,28531
185,2,25,13.2,21161
185,2,26,14,27471
185,2,27,14.6,27461
185,2,28,14.9,27451
185,2,29,15.3,27441
185,2,30,15.7,27431
185,2,31,16.3,27351
185,2,32,16.6,27361
185,2,33,17,27309
185,2,34,17.3,22459
185,2,35,17.5,22469
185,2,36,17.8,22189
185,2,37,18.2,22199
185,2,38,18.3,22609
186,1,1,0,03239
186,1,2,0.7,03223
186,1,3,1.1,03151
186,1,4,1.6,03041
186,1,5,2,05131
186,1,6,2.4,06171
186,1,7,2.9,06161
186,1,8,3.2,06151
186,1,9,3.7,06141
186,1,10,4,10221
186,1,11,4.4,10231
186,1,12,4.9,10241
186,1,13,5.3,10261
186,1,14,5.6,10271
186,1,15,6,10281
186,1,16,6.4,10291
186,1,17,6.9,11131
186,1,18,7.1,11141
186,1,19,7.7,11151
186,1,20,8.3,11061
186,1,21,8.7,11071
186,1,22,9,11081
186,1,23,9.4,11091
186,1,24,9.9,11101
186,1,25,10.2,11111
186,1,26,10.4,41101
186,1,27,10.8,41111
186,1,28,11.5,41029
186,1,29,12,41019
186,1,30,12.4,40099
186,1,31,12.7,40231
186,1,32,14.2,51091
186,1,33,14.6,51101
186,1,34,15.2,51019
186,1,35,15.7,50161
186,1,36,16,50171
186,1,37,16.3,50191
186,1,38,16.5,50201
186,1,39,16.8,50211
186,1,40,17.2,50991
186,1,41,17.7,52129
186,1,42,18,52109
186,1,43,18.5,52499
186,2,1,0,52499
186,2,2,0.3,52451
186,2,3,0.6,52129
186,2,4,0.9,52109
186,2,5,1.4,52099
186,2,6,1.7,50159
186,2,7,1.9,50209
186,2,8,2.1,50199
186,2,9,2.4,50189
186,2,10,2.6,50179
186,2,11,2.9,50169
186,2,12,3.4,51109
186,2,13,4,51099
186,2,14,4.9,40249
186,2,15,5.2,40239
186,2,16,5.7,40091
186,2,17,6.2,41011
186,2,18,6.6,41021
186,2,19,7.1,41119
186,2,20,7.4,41109
186,2,21,7.8,11119
186,2,22,8.1,11109
186,2,23,8.4,11099
186,2,24,8.8,11089
186,2,25,9.3,11079
186,2,26,9.6,11069
186,2,27,10.2,11159
186,2,28,10.6,11149
186,2,29,10.9,11139
186,2,30,11.4,10299
186,2,31,11.7,10289
186,2,32,12.1,10279
186,2,33,12.4,10269
186,2,34,12.8,10249
186,2,35,13.3,10239
186,2,36,13.6,10229
186,2,37,13.9,06149
186,2,38,14.2,06159
186,2,39,14.6,06169
186,2,40,15,06189
186,2,41,15.4,05129
186,2,42,15.8,05319
186,2,43,16.4,03059
186,2,44,16.8,03129
186,2,45,17.3,03218
186,2,46,17.5,03239
187,1,1,0,46009
187,1,2,0.9,46549
187,1,3,1.3,46539
187,1,4,1.7,46529
187,1,5,2,46491
187,1,7,9.4,44269
187,1,8,10,44239
187,1,9,10.4,44249
187,1,10,10.8,44259
187,1,11,11.5,44149
187,1,12,11.8,44139
187,1,13,12.3,44159
187,1,14,12.8,44169
187,1,15,13.2,43529
187,1,16,13.6,43641
187,1,17,13.9,43831
187,1,18,14.1,43491
187,1,19,14.6,43481
187,1,20,14.9,43471
187,1,21,15.2,43461
187,1,22,15.7,43411
187,1,23,16.2,43701
187,1,24,16.7,43389
187,1,25,17.1,43699
187,1,26,17.5,28629
187,1,27,17.9,28321
187,1,28,18.3,28331
187,1,29,18.8,28451
187,1,30,19.2,28461
187,1,31,19.7,28491
187,1,32,20.1,28501
187,1,33,20.5,28511
187,1,34,20.8,28521
187,1,35,21.1,28399
187,1,36,21.5,28389
187,1,37,21.9,28091
187,1,38,22.6,21681
187,1,39,22.9,21691
187,1,40,24,22491
187,1,41,24.5,22009
187,2,1,0,22009
187,2,2,0.7,22499
187,2,3,1.8,21699
187,2,4,2,21689
187,2,5,2.6,28099
187,2,6,3,28381
187,2,7,3.4,28391
187,2,8,3.7,28529
187,2,9,4.2,28519
187,2,10,4.4,28509
187,2,11,4.9,28499
187,2,12,5.3,28469
187,2,13,5.7,28459
187,2,14,6.1,28339
187,2,15,6.5,28329
187,2,16,6.9,28621
187,2,17,7.4,43691
187,2,18,7.7,43381
187,2,19,8.3,43709
187,2,20,8.8,43419
187,2,21,9.4,43469
187,2,22,9.7,43479
187,2,23,10,43489
187,2,24,10.4,43499
187,2,25,10.8,43839
187,2,26,11.1,43649
187,2,27,11.4,43521
187,2,28,11.9,44161
187,2,29,12.4,44151
187,2,30,12.9,44131
187,2,31,13.2,44141
187,2,32,13.8,44251
187,2,33,14.2,44241
187,2,34,14.7,44231
187,2,35,15.4,44261
187,2,37,22.4,46499
187,2,38,22.6,46521
187,2,39,23,46531
187,2,40,23.4,46541
187,2,41,24.1,46009
188,1,1,0,44009
188,1,2,0.7,44461
188,1,3,1,44451
188,1,4,1.4,44441
188,1,5,1.8,44121
188,1,6,2.5,44159
188,1,7,3,44169
188,1,8,3.4,43529
188,1,9,3.8,43641
188,1,10,4.1,43831
188,1,11,4.3,43491
188,1,12,4.8,43481
188,1,13,5.1,43471
188,1,14,5.4,43461
188,1,15,5.9,43401
188,1,16,6.3,43321
188,1,17,6.7,43371
188,1,18,7,43699
188,1,19,7.4,28629
188,1,20,7.6,28631
188,1,21,7.9,28641
188,1,22,8.5,28651
188,1,23,9.1,28049
188,1,24,9.5,28039
188,1,25,9.8,28029
188,1,26,10.4,28019
188,1,27,11,20109
188,1,28,11.4,17051
188,1,29,11.9,20019
188,1,30,12.2,17149
188,1,31,12.6,17139
188,1,32,13.2,17191
188,1,33,13.9,16159
188,1,34,14.2,16149
188,1,35,14.5,16139
188,1,36,15,16089
188,1,37,15.3,16079
188,1,38,15.6,16069
188,1,39,15.9,16059
188,1,40,16.1,16049
188,1,41,16.3,16039
188,1,42,16.6,16029
188,1,43,17.1,16019
188,1,44,17.3,16209
188,1,45,17.6,15229
188,1,46,17.8,15219
188,1,47,18.2,15209
188,1,48,18.5,15199
188,1,49,19,15169
188,1,50,19.2,15159
188,1,51,19.5,15149
188,1,52,19.9,14189
188,1,53,20.2,14179
188,1,54,20.6,14169
188,1,55,21.1,14159
188,1,56,21.5,14139
188,1,57,21.9,14009
188,2,1,0,14009
188,2,2,0.4,14131
188,2,3,0.9,14151
188,2,4,1.3,14161
188,2,5,1.7,14171
188,2,6,2.4,15141
188,2,7,2.7,15151
188,2,8,2.9,15161
188,2,9,3.4,15191
188,2,10,3.7,15201
188,2,11,4.3,15221
188,2,12,4.6,16201
188,2,13,4.9,16011
188,2,14,5.4,16021
188,2,15,5.7,16031
188,2,16,5.9,16041
188,2,17,6.2,16051
188,2,18,6.4,16061
188,2,19,6.6,16071
188,2,20,6.9,16081
188,2,21,7.3,16131
188,2,22,7.6,16141
188,2,23,7.9,16151
188,2,24,8.5,17121
188,2,25,9,17131
188,2,26,9.4,17141
188,2,27,10.3,17059
188,2,28,10.7,20101
188,2,29,11.3,28011
188,2,30,11.8,28021
188,2,31,12.3,28031
188,2,32,12.7,28041
188,2,33,13.3,28659
188,2,34,14,28649
188,2,35,14.3,28639
188,2,36,14.5,28621
188,2,37,15,43691
188,2,38,15.4,43379
188,2,39,15.7,43329
188,2,40,16.1,43409
188,2,41,16.7,43469
188,2,42,17,43479
188,2,43,17.3,43489
188,2,44,17.7,43499
188,2,45,18.1,43839
188,2,46,18.4,43649
188,2,47,18.7,43521
188,2,48,19.2,44161
188,2,49,19.7,44151
188,2,50,20.3,44129
188,2,51,20.7,44449
188,2,52,21.1,44459
188,2,53,21.4,44469
188,2,54,22.2,44009
188e,1,1,0,44009
188e,1,2,0.7,44461
188e,1,3,1,44451
188e,1,4,1.4,44441
188e,1,5,1.8,44121
188e,1,8,3.8,43641
188e,1,9,4.1,43831
188e,1,10,4.3,43491
188e,1,11,4.8,43481
188e,1,12,5.1,43471
188e,1,13,5.4,43461
188e,1,14,5.9,43401
188e,1,15,6.3,43321
188e,1,16,6.7,43371
188e,1,17,7,43699
188e,1,18,7.4,28629
188e,1,19,7.6,28631
188e,1,20,7.9,28641
188e,1,21,8.5,28651
188e,1,25,12,20019
188e,1,27,14,16159
188e,1,28,14.3,16149
188e,1,29,14.6,16139
188e,1,32,18.6,15199
188e,1,33,19.1,15169
188e,1,34,19.3,15159
188e,1,35,19.6,15149
188e,1,37,22,14009
188R,1,1,0,44009
188R,1,2,0.4,44461
188R,1,3,0.7,44451
188R,1,4,1.1,44441
188R,1,5,1.5,44121
188R,1,8,3.5,43641
188R,1,9,3.8,43831
188R,1,10,4,43491
188R,1,11,4.5,43481
188R,1,12,4.8,43471
188R,1,13,5.1,43461
188R,1,14,5.6,43401
188R,1,15,6,43321
188R,1,16,6.4,43371
188R,1,17,6.7,43699
188R,1,18,7.1,28629
188R,1,19,7.3,28631
188R,1,20,7.6,28641
188R,1,21,8.2,28651
188R,1,26,19.5,14169
188R,1,27,20.9,14129
188R,1,28,23.4,14519
188R,2,1,0,14519
188R,2,2,2.3,14121
188R,2,3,3.6,14161
188R,2,8,14.9,28659
188R,2,9,15.6,28649
188R,2,10,15.9,28639
188R,2,11,16.1,28621
188R,2,12,16.6,43691
188R,2,13,17,43379
188R,2,14,17.3,43329
188R,2,15,17.7,43409
188R,2,16,18.3,43469
188R,2,17,18.6,43479
188R,2,18,18.9,43489
188R,2,19,19.3,43499
188R,2,20,19.7,43839
188R,2,21,20,43649
188R,2,24,21.9,44129
188R,2,25,22.3,44449
188R,2,26,22.7,44459
188R,2,27,23,44469
188R,2,28,23.8,44009
189,1,1,0,43009
189,1,2,0.5,43701
189,1,3,1,43389
189,1,4,1.4,43519
189,1,5,1.8,43599
189,1,6,2.2,43509
189,1,7,2.5,43219
189,1,8,2.9,43319
189,1,9,3.3,42319
189,1,10,5.4,12209
189,1,11,6.1,17379
189,1,12,6.4,17189
189,1,13,6.7,17179
189,1,14,7.3,17259
189,1,15,8.2,17191
189,1,16,8.7,16991
189,1,17,9.2,16891
189,1,18,9.7,17161
189,1,19,10.1,17171
189,1,20,10.4,17181
189,1,21,10.8,17371
189,1,22,11.5,12201
189,1,23,13.2,42311
189,1,24,13.7,43311
189,1,25,13.9,43211
189,1,26,14.3,43501
189,1,27,14.6,43591
189,1,28,15,43511
189,1,29,15.4,43381
189,1,30,16,43709
189,1,31,16.4,43009
189A,1,1,0,43009
189A,1,2,0.5,43701
189A,1,3,1,43389
189A,1,4,1.4,43519
189A,1,5,1.8,43599
189A,1,6,2.2,43509
189A,1,7,2.5,43219
189A,1,8,2.9,43319
19,1,1,0,75009
19,1,2,0.5,76191
19,1,3,0.9,76201
19,1,4,1.2,76211
19,1,5,1.5,76221
19,1,6,1.9,76231
19,1,7,2.2,76241
19,1,8,2.8,98011
19,1,9,3.2,98021
19,1,10,3.6,98031
19,1,11,3.9,98041
19,1,12,4.2,98231
19,1,13,4.5,98051
19,1,14,5.1,98061
19,1,15,5.5,98071
19,1,16,5.9,99011
19,1,17,6.3,99021
19,1,18,6.6,99031
19,1,19,7,99041
19,1,20,7.3,99181
19,1,21,7.9,99171
19,1,22,8.1,99161
19,1,23,8.4,95071
19,1,24,8.7,95081
19,1,25,9.1,95091
19,1,26,9.3,95131
19,1,27,9.8,95141
19,1,28,10.2,95061
19,1,29,10.6,95051
19,1,30,11,95041
19,1,31,11.2,95039
19,1,32,11.4,95049
19,1,33,12,95069
19,1,34,12.3,95149
19,1,35,12.8,95139
19,1,36,13.2,95099
19,1,37,13.6,95089
19,1,38,14,95079
19,1,39,14.5,99189
19,1,40,14.9,99049
19,1,41,15.3,99039
19,1,42,15.6,99029
19,1,43,16,99019
19,1,44,16.6,98079
19,1,45,17,98069
19,1,46,17.4,98059
19,1,47,17.7,98239
19,1,48,18,98049
19,1,49,18.4,98039
19,1,50,18.9,98029
19,1,51,19.3,98019
19,1,52,19.9,76249
19,1,53,20.2,76239
19,1,54,20.6,76229
19,1,55,20.9,76219
19,1,56,21.3,76209
19,1,57,21.6,76199
19,1,58,21.9,75009
190,1,1,0,44009
190,1,2,0.6,44539
190,1,3,1.1,44399
190,1,4,1.4,44299
190,1,5,1.7,44289
190,1,6,2.1,44279
190,1,7,2.5,44141
190,1,8,3.1,44251
190,1,9,3.5,44241
190,1,10,4,44231
190,1,11,4.7,44261
190,1,14,14.3,40239
190,1,15,14.7,40229
190,1,16,15,40219
190,1,17,15.4,40209
190,1,18,15.9,40199
190,1,19,16.6,09219
190,1,20,17,09047
190,1,21,17.5,09037
190,1,22,18.2,08138
190,1,23,18.6,08057
190,1,24,19.1,08069
190,1,25,19.6,04159
190,1,26,19.9,04149
190,1,27,20.2,04229
190,1,28,20.4,04239
190,1,29,20.7,05059
190,1,30,20.9,05049
190,1,31,21.3,05039
190,1,32,21.6,05019
190,1,33,22.2,10011
190,1,34,22.5,10041
190,1,35,23.1,10499
190,2,1,0,10499
190,2,2,0.7,10049
190,2,3,1.1,10017
190,2,4,1.6,05012
190,2,5,2.2,05022
190,2,6,2.7,04222
190,2,7,3,04223
190,2,8,3.4,04143
190,2,9,3.7,04121
190,2,10,4,08041
190,2,11,4.3,08031
190,2,12,4.8,08111
190,2,13,5.1,08121
190,2,16,5.8,09011
190,2,17,6.1,09023
190,2,18,6.8,09213
190,2,19,7.6,40191
190,2,20,8,40201
190,2,21,8.4,40211
190,2,22,8.6,40221
190,2,23,9,40231
190,2,26,18.1,44269
190,2,27,18.7,44239
190,2,28,19.1,44249
190,2,29,19.5,44259
190,2,30,20.2,44149
190,2,31,20.5,44271
190,2,32,20.9,44281
190,2,33,21.2,44291
190,2,34,21.6,44391
190,2,35,22.4,44009
190A,1,1,0,44009
190A,1,2,0.6,44539
190A,1,3,1.1,44399
190A,1,4,1.4,44299
190A,1,5,1.7,44289
190A,1,6,2.1,44279
190A,1,7,2.5,44141
190A,1,8,3.1,44251
190A,1,9,3.5,44241
190A,1,10,4,44231
190A,1,11,4.7,44261
190A,1,14,14.3,40239
190A,1,15,14.7,40229
190A,1,16,15,40219
190A,1,17,15.4,40209
190A,1,18,15.9,40199
190A,1,19,16.6,09219
190A,1,20,17,09047
190A,1,21,17.5,09037
190A,1,22,18.2,08138
190A,1,23,18.6,08057
191,1,1,0,11379
191,1,2,0.3,11381
191,1,3,0.7,11181
191,1,4,1,11369
191,1,5,1.6,18149
191,1,6,2,18151
191,1,7,2.6,18171
191,1,8,2.8,18181
191,1,9,3.2,18191
191,1,10,3.6,18211
191,1,11,4.2,18201
191,1,12,4.5,18199
191,1,13,4.8,18189
191,1,14,5,18179
191,1,15,5.5,18159
191,1,16,6.1,18141
191,1,17,6.5,11361
191,1,18,6.8,11189
191,1,19,7.3,11389
191,1,20,7.5,11379
192,1,1,0,22009
192,1,2,0.7,22251
192,1,3,1.1,22241
192,1,4,1.3,22539
192,1,5,1.6,22521
192,1,6,1.8,22469
192,1,7,2.4,22479
192,1,8,2.8,23041
192,1,9,3,23051
192,1,10,3.4,23061
192,1,11,3.9,23071
192,1,12,4.6,23379
192,1,13,4.8,23519
192,1,14,5.2,24011
192,1,15,5.9,24021
192,1,16,7.2,24511
192,1,17,8.5,25201
192,1,18,8.8,25199
192,1,19,9.2,25189
192,1,20,9.4,25179
192,1,21,9.8,25169
192,1,22,10.1,25129
192,1,23,10.4,25119
192,1,24,10.8,25109
192,1,25,11.2,25099
192,1,26,11.5,25819
192,1,27,11.9,25519
192,1,28,12.1,24719
192,1,29,12.4,25689
192,1,30,12.9,25449
192,1,31,13.3,25439
192,1,32,13.5,25429
192,1,33,14.1,25009
192,2,1,0,25009
192,2,2,0.6,25421
192,2,3,0.9,25431
192,2,4,1.3,25441
192,2,5,1.7,25681
192,2,6,2.2,24711
192,2,7,2.3,25511
192,2,8,2.7,25811
192,2,9,3.1,25091
192,2,10,3.5,25101
192,2,11,3.8,25111
192,2,12,4.1,25121
192,2,13,4.3,25151
192,2,14,4.6,25161
192,2,15,4.9,25171
192,2,16,5.2,25181
192,2,17,5.5,25191
192,2,18,5.8,25209
192,2,19,6,24519
192,2,20,7.6,24029
192,2,21,8.2,24019
192,2,22,8.7,23371
192,2,23,9.4,23079
192,2,24,9.8,23069
192,2,25,10.1,23059
192,2,26,10.6,23049
192,2,27,10.9,22471
192,2,28,11.3,22461
192,2,29,11.6,22529
192,2,30,11.9,22531
192,2,31,12.1,22249
192,2,32,12.5,22259
192,2,33,13,22009
193,1,1,0,22009
193,1,2,0.8,22441
193,1,3,1.1,22591
193,1,4,1.4,22341
193,1,5,1.8,22351
193,1,6,2.2,22361
193,1,7,2.4,22459
193,1,8,2.6,22469
193,1,9,2.9,22189
193,1,10,3.3,22179
193,1,11,3.7,22169
193,1,12,3.9,23501
193,1,13,4.2,23091
193,1,14,4.4,23101
193,1,15,4.7,23111
193,1,16,5,23121
193,1,17,5.3,23131
193,1,18,5.4,23141
193,1,19,5.9,23489
193,1,20,6.3,23519
193,1,21,6.7,24011
193,1,22,7.4,24021
193,1,23,8.7,24511
193,1,24,9,24521
193,1,25,9.7,25321
193,1,26,10.1,25331
193,1,27,10.4,25341
193,1,28,10.7,25351
193,1,29,11,25369
193,1,30,11.3,25371
193,1,31,11.6,25381
193,1,32,11.9,25061
193,1,33,12.2,25071
193,1,34,12.5,25519
193,1,35,12.7,24719
193,1,36,13.1,25399
193,1,37,14.1,26209
193,1,38,14.4,25469
193,1,39,14.8,25459
193,1,40,15.1,25449
193,1,41,15.5,25439
193,1,42,15.7,25429
193,1,43,16.3,25009
193,2,1,0,25009
193,2,2,0.6,25421
193,2,3,0.9,25431
193,2,4,1.3,25441
193,2,5,1.6,25451
193,2,6,2,25461
193,2,7,2.3,26201
193,2,8,3.3,25391
193,2,9,3.7,24711
193,2,10,3.8,25511
193,2,11,4.2,25079
193,2,12,4.5,25069
193,2,13,4.8,25389
193,2,14,5.1,25379
193,2,15,5.4,25361
193,2,16,5.9,25359
193,2,17,6.2,25349
193,2,18,6.4,25339
193,2,19,6.8,25329
193,2,20,7.1,24529
193,2,21,7.4,24519
193,2,22,9,24029
193,2,23,9.6,24019
193,2,24,10.1,23371
193,2,25,10.6,23481
193,2,26,11,23149
193,2,27,11.2,23139
193,2,28,11.4,23129
193,2,29,11.7,23119
193,2,30,11.9,23109
193,2,31,12.1,23099
193,2,32,12.4,23509
193,2,33,12.6,22161
193,2,34,13.1,22171
193,2,35,13.5,22181
193,2,36,13.8,22461
193,2,37,14.2,22451
193,2,38,14.4,22369
193,2,39,14.7,22359
193,2,40,15.1,22349
193,2,41,15.5,22599
193,2,42,15.7,22449
193,2,43,16.2,22009
194,1,1,0,22009
194,1,7,3.3,22011
194,1,8,3.8,22021
194,1,9,4.3,22031
194,1,10,4.9,22039
194,1,11,5.4,22029
194,1,12,5.9,22019
194,1,18,9,22009
195,1,1,0,02099
195,1,2,0.4,02101
195,1,3,0.8,02051
195,1,4,1.1,02061
195,1,5,1.9,04168
195,1,6,2.3,04251
195,1,7,2.5,04211
195,1,8,2.8,04331
195,1,9,3.1,13109
195,1,10,3.6,13099
195,1,11,4,13089
195,1,12,4.4,13079
195,1,13,4.6,13139
195,1,14,4.8,13119
195,1,15,5.2,06129
195,1,16,5.7,06069
195,1,17,6.1,06051
195,1,18,6.4,10141
195,1,19,6.8,10151
195,1,20,7,10161
195,1,21,7.4,10379
195,1,22,7.8,10369
195,1,23,8.2,14039
195,1,24,8.6,14291
195,1,25,8.9,14271
195,1,26,9.1,14281
195,1,27,9.4,14241
195,1,28,10.2,14191
195,1,29,10.5,14201
195,1,30,10.8,14471
195,1,31,11,14211
195,1,32,11.9,11511
195,1,33,12.3,11521
195,1,34,12.7,11531
195,1,35,13,11131
195,1,36,13.2,11141
195,1,37,13.8,11151
195,1,38,14.4,11061
195,1,39,14.9,11439
195,1,40,15.2,11429
195,1,41,15.4,11169
195,1,42,16.2,11159
195,1,43,16.6,11149
195,1,44,17.1,11539
195,1,45,17.4,11529
195,1,46,17.7,11519
195,1,47,18.5,14369
195,1,48,18.9,14219
195,1,49,19.2,14209
195,1,50,19.6,14199
195,1,51,20.2,14249
195,1,52,20.7,14279
195,1,53,21,14299
195,1,54,21.3,14031
195,1,55,21.8,10361
195,1,56,22.2,10371
195,1,57,22.8,10169
195,1,58,23.4,10149
195,1,59,23.6,06071
195,1,60,23.8,06081
195,1,61,24.3,06131
195,1,62,24.6,13121
195,1,63,25.1,13071
195,1,64,25.5,13081
195,1,65,25.9,13091
195,1,66,26.3,13101
195,1,67,26.6,04339
195,1,68,26.9,04219
195,1,69,27.5,02181
195,1,70,28.8,02089
195,1,71,29.1,02099
195A,1,1,0,02099
195A,1,2,0.4,02101
195A,1,3,0.8,02051
195A,1,4,1.1,02061
195A,1,5,1.9,04168
195A,1,6,2.3,04251
195A,1,7,2.5,04211
195A,1,8,2.8,04331
195A,1,9,3.1,13109
195A,1,10,3.6,13099
195A,1,11,4,13089
195A,1,12,4.4,13079
195A,1,13,4.6,13139
195A,1,14,4.8,13119
195A,1,15,5.2,06129
195A,1,16,5.7,06069
195A,1,17,6.1,06051
195A,1,18,6.4,10141
195A,1,19,6.8,10151
195A,1,20,7,10161
195A,1,21,7.4,10379
195A,1,22,7.8,10369
195A,1,23,8.2,14039
195A,1,24,8.6,14291
195A,1,25,8.9,14271
195A,1,26,9.1,14281
195A,1,27,9.4,14241
195A,1,28,10.2,14191
195A,1,29,10.5,14201
195A,1,30,10.8,14471
195A,1,31,11,14211
195A,1,32,11.9,11511
195A,1,33,12.3,11521
195A,1,34,12.7,11531
195A,1,35,13,11131
195A,1,36,13.2,11141
195A,1,37,13.8,11151
195A,1,38,14.4,11061
195A,1,39,14.9,11439
195A,1,40,15.2,11429
195A,1,41,15.4,11169
195A,1,42,16.2,11159
195A,1,43,16.6,11149
195A,1,44,17.1,11539
195A,1,45,17.4,11529
195A,1,46,17.7,11519
195A,1,47,18.5,14369
195A,1,48,18.9,14219
195A,1,49,19.2,14209
195A,1,50,19.6,14199
195A,1,51,20.2,14249
195A,1,52,20.7,14279
195A,1,53,21,14299
195A,1,54,21.3,14031
195A,1,55,21.8,10361
195A,1,56,22.2,10371
195A,1,57,22.8,10169
196,1,1,0,84009
196,1,2,0.7,84139
196,1,3,1.3,84129
196,1,4,1.8,84151
196,1,5,2.3,93131
196,1,6,2.6,93049
196,1,7,3,93039
196,1,8,3.3,93201
196,1,9,3.7,93029
196,1,10,4.1,93019
196,1,11,4.5,92089
196,1,12,4.7,92211
196,1,13,5,92221
196,1,14,5.4,92231
196,1,15,5.7,92069
196,1,16,6.1,92059
196,1,17,6.4,92049
196,1,18,7.2,92241
196,1,19,7.5,92099
196,1,20,7.9,91079
196,1,21,8.2,91069
196,1,22,8.8,91059
196,1,23,9,91049
196,1,24,9.4,91091
196,1,25,9.7,80271
196,1,26,10.1,80141
196,1,27,10.8,80219
196,1,28,12.2,80169
196,1,29,12.9,80159
196,1,30,13.4,02119
196,1,31,14.4,03019
196,1,32,14.7,03059
196,1,33,15.1,03129
196,1,34,15.6,03218
196,1,35,16.6,05631
196,1,36,17,05521
196,1,37,17.3,10021
196,1,38,17.7,10041
196,1,39,18.1,10051
196,1,40,18.4,10061
196,1,41,18.8,10071
196,1,42,19,10501
196,1,43,19.3,10081
196,1,44,19.9,10091
196,1,45,20.4,10101
196,1,46,20.9,10111
196,1,47,21.2,10131
196,1,48,21.9,11021
196,1,49,22.2,11031
196,1,50,22.9,11041
196,1,51,23.3,11051
196,1,52,23.8,11161
196,1,53,24.3,11171
196,1,54,24.7,11181
196,1,55,25,11369
196,1,56,25.6,18149
196,1,57,26.1,18119
196,1,58,26.6,19089
196,1,59,26.9,19079
196,1,60,27.3,19069
196,1,61,27.7,19059
196,1,62,28,17099
196,1,63,29,17121
196,1,64,29.5,17131
196,1,65,29.9,17141
196,1,66,30.8,17059
196,1,67,31.2,17189
196,1,68,31.5,17009
196,2,1,0,17009
196,2,2,0.5,17181
196,2,3,0.8,17051
196,2,4,1.3,20019
196,2,5,1.6,17149
196,2,6,2,17139
196,2,7,2.6,17191
196,2,8,3.4,19051
196,2,9,3.9,19061
196,2,10,4.5,19071
196,2,11,4.8,19081
196,2,12,5.1,18111
196,2,13,5.8,18141
196,2,14,6.2,11361
196,2,15,6.5,11189
196,2,16,6.7,11179
196,2,17,7.3,11169
196,2,18,7.9,11059
196,2,19,8.3,11049
196,2,20,8.7,11039
196,2,21,9.1,11029
196,2,22,9.7,11019
196,2,23,10,10139
196,2,24,10.3,10119
196,2,25,10.5,10109
196,2,26,11,10099
196,2,27,11.5,10089
196,2,28,12.1,10079
196,2,29,12.5,10069
196,2,30,12.8,10059
196,2,31,13.1,10049
196,2,32,13.5,10017
196,2,33,14.2,05519
196,2,34,14.5,05629
196,2,35,14.9,03222
196,2,36,15.6,03111
196,2,37,15.9,03071
196,2,38,16.2,03031
196,2,39,16.8,03011
196,2,40,17.4,02111
196,2,41,18.1,80151
196,2,42,18.8,80161
196,2,43,20.4,80211
196,2,44,21,80149
196,2,45,21.5,80279
196,2,46,21.8,91099
196,2,47,22.2,91041
196,2,48,22.5,91051
196,2,49,22.8,91061
196,2,50,23.2,91071
196,2,51,23.9,92249
196,2,52,24.5,92041
196,2,53,24.9,92051
196,2,54,25.3,92061
196,2,55,25.7,92239
196,2,56,26.2,92071
196,2,57,26.5,92081
196,2,58,26.9,93011
196,2,59,27.3,93021
196,2,60,27.7,93031
196,2,61,28.4,93041
196,2,62,28.7,93139
196,2,63,29.1,84159
196,2,64,29.5,84121
196,2,65,30.2,84131
196,2,66,31,84009
196A,1,1,0,84009
196A,1,2,0.7,84139
196A,1,3,1.3,84129
196A,1,4,1.8,84151
196A,1,5,2.3,93131
196A,1,6,2.6,93049
196A,1,7,3,93039
196A,1,8,3.3,93201
196A,1,9,3.7,93029
196A,1,10,4.1,93019
196A,1,11,4.5,92089
196A,1,12,4.7,92211
196A,1,13,5,92221
196A,1,14,5.4,92231
196A,1,15,5.7,92069
196A,1,16,6.1,92059
196A,1,17,6.4,92049
196A,1,18,7.2,92241
196A,1,19,7.5,92099
196A,1,20,7.9,91079
196A,1,21,8.2,91069
196A,1,22,8.8,91059
196A,1,23,9,91049
196A,1,24,9.4,91091
196A,1,25,9.7,80271
196A,1,26,10.1,80141
196A,1,27,10.8,80219
196A,1,28,12.2,80169
196A,1,29,12.9,80159
196A,1,30,13.4,02119
196A,1,31,14.4,03019
196A,1,32,14.7,03059
196A,1,33,15.1,03129
196A,1,34,15.6,03218
196e,1,1,0,93049
196e,1,2,0.4,93039
196e,1,3,0.7,93201
196e,1,4,1.1,93029
196e,1,5,1.5,93019
196e,1,6,1.9,92089
196e,1,7,2.1,92211
196e,1,8,2.4,92221
196e,1,9,2.8,92231
196e,1,10,3.1,92069
196e,1,11,3.5,92059
196e,1,12,3.8,92049
196e,1,13,4.6,92241
196e,1,25,10.8,02119
196e,1,26,11.8,03019
196e,1,27,12.1,03059
196e,1,28,12.5,03129
196e,1,29,13,03218
196e,2,1,0,03222
196e,2,2,0.7,03111
196e,2,3,1,03071
196e,2,4,1.3,03031
196e,2,5,1.9,03011
196e,2,7,3.2,80151
196e,2,17,9,92249
196e,2,18,9.6,92041
196e,2,19,10,92051
196e,2,20,10.4,92061
196e,2,21,10.8,92239
196e,2,22,11.3,92071
196e,2,23,11.6,92081
196e,2,24,12,93011
196e,2,25,12.4,93021
196e,2,26,12.8,93031
196e,2,27,13.5,93041
197,1,1,0,84009
197,1,2,0.7,84139
197,1,3,1.3,84129
197,1,4,1.8,84151
197,1,5,2.3,93131
197,1,6,2.6,93049
197,1,7,3,93039
197,1,8,3.3,93201
197,1,9,3.7,93029
197,1,10,4.1,93019
197,1,11,4.5,92089
197,1,12,4.8,92079
197,1,13,5.3,92069
197,1,14,5.7,92059
197,1,15,6,92049
197,1,16,6.8,92241
197,1,17,7.6,92161
197,1,18,8,82071
197,1,19,8.4,82081
197,1,20,8.6,82091
197,1,21,8.8,82231
197,1,22,9.2,81141
197,1,23,9.5,81151
197,1,24,10.1,81161
197,1,25,10.5,80259
197,1,26,11.2,80111
197,1,27,11.6,80049
197,1,28,11.8,80039
197,1,29,12.3,80029
197,1,30,12.8,01339
197,1,31,13.2,01329
197,1,32,13.7,01229
197,1,33,14.1,01139
197,1,34,14.4,01039
197,1,35,14.6,01029
197,1,36,15.1,04167
197,1,37,15.4,04249
197,1,38,15.8,05029
197,1,39,16.2,05199
197,1,40,16.5,05189
197,1,41,16.9,05259
197,1,42,17.1,05239
197,1,43,17.5,10021
197,1,44,17.9,10041
197,1,45,18.3,10051
197,1,46,18.6,10061
197,1,47,19,10071
197,1,48,19.2,10501
197,1,49,19.5,10081
197,1,50,20.1,10091
197,1,51,20.6,10101
197,1,52,21.1,10111
197,1,53,21.4,10131
197,1,54,21.8,11519
197,1,55,23.3,18041
197,1,56,23.5,18131
197,1,57,24.3,18101
197,1,58,24.7,18071
197,1,59,25.4,16091
197,1,60,26.7,17121
197,1,61,27.2,17131
197,1,62,27.6,17141
197,1,63,28,20011
197,1,64,28.5,20021
197,1,65,29,20031
197,1,66,29.8,20051
197,1,67,30.3,20271
197,1,68,30.6,28221
197,1,69,30.9,28231
197,1,70,31.3,28241
197,1,71,31.7,28439
197,1,72,32.2,28009
197,2,1,0,28009
197,2,2,0.3,28301
197,2,3,0.6,28431
197,2,4,0.9,28249
197,2,5,1.4,28239
197,2,6,2,28229
197,2,7,2.4,20059
197,2,8,3.2,20039
197,2,9,3.7,20029
197,2,10,4.3,20019
197,2,11,4.6,17149
197,2,12,5,17139
197,2,13,5.6,17129
197,2,14,6.7,16099
197,2,15,7.5,18079
197,2,16,7.9,18109
197,2,17,8.6,18049
197,2,18,10.1,11511
197,2,19,10.5,11019
197,2,20,10.8,10139
197,2,21,11.1,10119
197,2,22,11.3,10109
197,2,23,11.8,10099
197,2,24,12.3,10089
197,2,25,12.9,10079
197,2,26,13.3,10069
197,2,27,13.6,10059
197,2,28,13.9,10049
197,2,29,14.3,10017
197,2,30,14.4,10018
197,2,31,15.2,05013
197,2,32,15.6,05023
197,2,33,15.9,04222
197,2,34,16.4,04142
197,2,35,16.7,04151
197,2,36,17.1,01013
197,2,37,17.4,01112
197,2,38,18,01121
197,2,39,18.3,01211
197,2,40,18.6,01311
197,2,41,19.2,80011
197,2,42,19.7,80031
197,2,43,20,80051
197,2,44,20.6,80119
197,2,45,21.2,80251
197,2,46,21.7,81169
197,2,47,22.2,81159
197,2,48,22.5,81149
197,2,49,22.9,81139
197,2,51,23.4,82119
197,2,52,23.8,82099
197,2,53,24,82089
197,2,54,24.3,82079
197,2,55,24.8,92169
197,2,56,25.6,92249
197,2,57,26.2,92041
197,2,58,26.6,92051
197,2,59,27,92061
197,2,60,27.5,92071
197,2,61,27.8,92081
197,2,62,28.2,93011
197,2,63,28.6,93021
197,2,64,29,93031
197,2,65,29.7,93041
197,2,66,30,93139
197,2,67,30.4,84159
197,2,68,30.8,84121
197,2,69,31.5,84131
197,2,70,32.3,84009
198,1,1,0,22009
198,1,2,0.6,21361
198,1,3,0.9,21399
198,1,4,1.3,21421
198,1,5,1.7,21241
198,1,6,2.1,28539
198,1,7,2.4,28409
198,1,8,2.7,28529
198,1,9,3.2,28519
198,1,10,3.4,28509
198,1,11,3.9,28499
198,1,12,4.3,28469
198,1,13,4.7,28459
198,1,14,5.1,28289
198,1,15,5.4,28279
198,1,16,5.7,28269
198,1,17,6.1,28259
198,1,18,6.4,28249
198,1,19,6.9,28239
198,1,20,7.5,28229
198,1,21,7.9,20059
198,1,22,8.7,20039
198,1,23,9.2,20029
198,1,24,9.8,20019
198,1,25,10.1,17149
198,1,26,10.5,17139
198,1,27,11.1,17129
198,1,28,12.2,16099
198,1,29,13,18079
198,1,30,13.4,18121
198,1,31,14.2,18141
198,1,32,14.6,11361
198,1,33,14.9,11189
198,1,34,15.1,11179
198,1,35,15.7,11169
198,1,36,16.3,11059
198,1,37,16.7,11049
198,1,38,17.1,11039
198,1,39,17.5,11029
198,1,40,18.1,11019
198,1,41,18.4,10139
198,1,42,18.7,10119
198,1,43,19.3,10651
198,1,44,19.6,10009
198,2,1,0,10009
198,2,2,0.4,10659
198,2,3,0.6,10101
198,2,4,1.1,10111
198,2,5,1.4,10131
198,2,6,2.1,11021
198,2,7,2.4,11031
198,2,8,3.1,11041
198,2,9,3.5,11051
198,2,10,4,11161
198,2,11,4.5,11171
198,2,12,4.9,11181
198,2,13,5.2,11369
198,2,14,5.8,18149
198,2,15,6.4,18129
198,2,16,8,16091
198,2,17,9.3,17121
198,2,18,9.8,17131
198,2,19,10.2,17141
198,2,20,10.6,20011
198,2,21,11.1,20021
198,2,22,11.6,20031
198,2,23,12.4,20051
198,2,24,12.9,20271
198,2,25,13.2,28221
198,2,26,13.5,28231
198,2,27,13.9,28241
198,2,28,14.3,28251
198,2,29,14.6,28261
198,2,30,15,28271
198,2,31,15.3,28281
198,2,32,15.6,28451
198,2,33,16,28461
198,2,34,16.5,28491
198,2,35,16.9,28501
198,2,36,17.3,28511
198,2,37,17.6,28521
198,2,38,17.9,28401
198,2,39,18.2,28531
198,2,40,18.8,21249
198,2,41,19.2,21429
198,2,42,19.6,21391
198,2,43,19.9,21369
198,2,44,20.8,22009
198A,1,1,0,22009
198A,1,2,0.6,21361
198A,1,3,0.9,21399
198A,1,4,1.3,21421
198A,1,5,1.7,21241
198A,1,6,2.1,28539
198A,1,7,2.4,28409
198A,1,8,2.7,28529
198A,1,9,3.2,28519
198A,1,10,3.4,28509
198A,1,11,3.9,28499
198A,1,12,4.3,28469
198A,1,13,4.7,28459
199,1,1,0,22009
199,1,2,0.9,22489
199,1,3,1.4,21371
199,1,4,1.9,27091
199,1,5,2.4,27101
199,1,6,3.1,27121
199,1,7,3.5,27171
199,1,8,3.8,27181
199,1,9,4.1,27011
199,1,10,4.4,27071
199,1,11,4.7,27021
199,1,12,4.9,27031
199,1,13,5.1,27041
199,1,14,5.5,27051
199,1,15,6,27219
199,1,16,6.5,27069
199,1,17,6.8,27209
199,1,18,7.1,27199
199,1,19,7.4,27189
199,1,20,7.7,27179
199,1,21,8,27169
199,1,22,8.3,27129
199,1,23,8.9,27109
199,1,24,9.4,27099
199,1,25,10.1,21379
199,1,26,10.5,22481
199,1,27,11.1,22009
1N,1,1,0,02099
1N,1,2,0.4,02101
1N,1,3,0.8,02051
1N,1,4,1.1,02061
1N,1,5,2.1,04167
1N,1,6,2.4,04249
1N,1,7,2.8,05029
1N,1,8,3.4,04222
1N,1,9,3.7,04211
1N,1,10,4,04331
1N,1,11,4.3,13109
1N,1,12,4.6,13211
1N,1,13,5.2,06151
1N,1,14,5.7,06141
1N,1,15,6,06131
1N,1,16,6.3,13121
1N,1,17,6.7,13141
1N,1,18,7.3,13191
1N,1,19,8,09048
1N,1,20,8.6,09038
1N,1,21,9,08138
1N,1,22,9.4,08057
1N,1,23,9.9,08079
1N,1,24,10.1,07011
1N,1,25,10.5,07021
1N,1,26,11,40011
1N,1,31,18.1,54371
1N,1,32,18.5,54381
1N,1,33,19,54289
1N,1,34,19.3,54279
1N,1,35,19.6,54269
1N,1,36,20,54248
1N,1,37,20.4,54239
1N,1,38,20.8,54229
1N,1,39,21.3,54181
1N,1,40,21.7,54191
1N,1,41,22,54201
1N,1,42,22.3,55131
1N,1,43,22.6,55141
1N,1,44,23.2,55021
1N,1,46,27.2,59031
1N,1,47,27.6,59041
1N,1,48,28,59421
1N,1,49,28.3,59431
1N,1,50,28.6,59371
1N,1,51,29,59361
1N,1,52,29.4,59341
1N,1,53,30.2,59451
1N,1,54,30.6,59411
1N,1,55,30.9,59401
1N,1,56,31.3,59391
1N,1,57,31.7,59381
1N,1,58,32.2,59241
1N,1,59,32.5,59231
1N,1,60,32.9,59101
1N,1,61,33.3,59121
1N,1,62,33.6,59131
1N,1,63,34,59301
1N,1,64,34.3,59311
1N,1,65,34.6,59081
1N,1,66,35,59321
1N,1,67,35.2,59561
2,1,1,0,99009
2,1,2,0.2,99131
2,1,3,0.5,99049
2,1,4,0.9,99039
2,1,5,1.2,99029
2,1,6,1.6,99019
2,1,7,2.2,98079
2,1,8,2.6,98069
2,1,9,3,97099
2,1,10,3.5,97089
2,1,11,3.9,97079
2,1,12,4.3,97069
2,1,13,4.7,97209
2,1,14,5,97059
2,1,15,5.4,97049
2,1,16,5.7,97039
2,1,17,6.2,97019
2,1,18,7,96069
2,1,19,7.4,96059
2,1,20,7.7,96049
2,1,21,8,95909
2,1,22,8.4,96099
2,1,23,8.7,96089
2,1,24,9,96079
2,1,25,9.4,85079
2,1,26,9.6,85089
2,1,27,9.9,85069
2,1,28,10.2,85059
2,1,29,10.7,85099
2,1,30,11.2,84069
2,1,31,11.5,84059
2,1,32,12,84049
2,1,33,12.7,84039
2,1,34,13.1,84029
2,1,35,13.4,84019
2,1,36,13.9,83099
2,1,37,14.3,83079
2,1,38,14.7,83059
2,1,39,14.9,83049
2,1,40,15.3,83029
2,1,41,15.7,82069
2,1,42,16.2,82049
2,1,43,16.6,82029
2,1,44,16.9,82109
2,1,45,17.2,81069
2,1,46,17.6,81049
2,1,47,17.9,81029
2,1,48,18.4,80089
2,1,49,18.8,80069
2,1,50,19.3,80049
2,1,51,19.5,80039
2,1,52,20,80029
2,1,53,20.5,01319
2,1,54,20.9,01219
2,1,55,21.2,01129
2,1,56,21.6,01059
2,1,57,21.8,01119
2,1,58,22.2,01019
2,1,59,22.5,04159
2,1,60,22.8,04149
2,1,61,23.1,04229
2,1,62,23.3,04239
2,1,63,23.6,05059
2,1,64,23.8,05049
2,1,65,24.2,05039
2,1,66,24.5,05019
2,1,67,25.1,10011
2,1,68,25.4,10041
2,1,69,26,10499
2,2,1,0,10499
2,2,2,0.7,10049
2,2,3,1.1,10017
2,2,4,2.1,05013
2,2,5,2.5,05023
2,2,6,2.8,04222
2,2,7,3.3,04142
2,2,8,3.8,01012
2,2,9,4.4,01113
2,2,10,4.8,01121
2,2,11,5.1,01211
2,2,12,5.4,01311
2,2,13,6,80011
2,2,14,6.5,80031
2,2,15,6.8,80051
2,2,16,7.2,80071
2,2,17,7.7,80091
2,2,18,8,81011
2,2,19,8.3,81031
2,2,20,8.8,81051
2,2,21,9.4,82011
2,2,22,9.6,82032
2,2,23,10.2,82061
2,2,24,10.8,83011
2,2,25,11.1,83031
2,2,26,11.5,83062
2,2,27,12,83081
2,2,28,12.6,84011
2,2,29,12.9,84021
2,2,30,13.5,84031
2,2,31,14,84041
2,2,32,14.6,84051
2,2,33,14.9,84061
2,2,34,15.4,85091
2,2,35,15.9,85051
2,2,36,16.2,85061
2,2,37,16.4,85081
2,2,38,16.7,85071
2,2,39,17.1,96071
2,2,40,17.4,96081
2,2,41,17.7,96091
2,2,42,18.1,95901
2,2,43,18.5,96041
2,2,44,18.8,96051
2,2,45,19.2,96061
2,2,46,20.1,97011
2,2,47,20.6,97031
2,2,48,20.9,97041
2,2,49,21.3,97051
2,2,50,21.7,97201
2,2,51,22.1,97061
2,2,52,22.5,97071
2,2,53,22.9,97081
2,2,54,23.4,97091
2,2,55,23.9,98061
2,2,56,24.3,98071
2,2,57,24.7,99011
2,2,58,25.1,99021
2,2,59,25.4,99031
2,2,60,25.8,99041
2,2,61,26.1,99139
2,2,62,26.4,99009
20,1,1,0,75009
20,1,2,0.6,76059
20,1,3,1.1,76069
20,1,4,1.6,76071
20,1,5,2.1,76081
20,1,6,2.5,76091
20,1,7,3.4,96129
20,1,8,3.7,96139
20,1,9,4.1,96149
20,1,10,4.5,96159
20,1,11,4.8,96169
20,1,12,5.2,96171
20,1,13,5.5,96291
20,1,14,5.8,96209
20,1,15,6.3,96449
20,1,16,6.6,96419
20,1,17,7.1,96309
20,1,18,7.3,96381
20,1,19,7.7,96321
20,1,20,8,96331
20,1,21,8.4,96341
20,1,22,8.8,96351
20,1,23,9.3,96361
20,1,24,9.6,96371
20,1,25,10.1,96329
20,1,26,10.5,96389
20,1,27,10.8,96301
20,1,28,11.3,96411
20,1,29,11.7,96441
20,1,30,12.2,96201
20,1,31,12.6,96299
20,1,32,12.8,96179
20,1,33,13.1,96161
20,1,34,13.4,96151
20,1,35,13.7,96141
20,1,36,14,96131
20,1,37,14.4,96121
20,1,38,15.4,76099
20,1,39,15.8,76089
20,1,40,16.2,76079
20,1,41,16.8,76061
20,1,42,17.3,76051
20,1,43,17.9,75009
200,1,1,,11379
200,1,2,0.3,11381
200,1,3,0.7,11181
200,1,4,1,11369
200,1,5,1.6,18149
200,1,6,2.2,18129
200,1,7,2.9,15139
200,1,8,3.6,15129
200,1,9,4,15119
200,1,10,4.2,15109
200,1,11,4.6,15099
200,1,12,4.9,15079
200,1,13,5.2,15221
200,1,14,5.5,16201
200,1,15,5.9,16011
200,1,16,6.3,16021
200,1,17,6.6,16031
200,1,18,6.8,16041
200,1,19,7.1,16051
200,1,20,7.3,16061
200,1,21,7.6,16071
200,1,22,7.9,16081
200,1,23,8.4,16009
200,1,24,8.8,16089
200,1,25,9,16079
200,1,26,9.3,16069
200,1,27,9.6,16059
200,1,28,9.8,16049
200,1,29,10,16039
200,1,30,10.3,16029
200,1,31,10.7,16019
200,1,32,11.1,16209
200,1,33,11.4,15229
200,1,34,11.7,15071
200,1,35,11.9,15091
200,1,36,12.3,15101
200,1,37,12.5,15111
200,1,38,12.9,15121
200,1,39,13.5,15131
200,1,40,14.1,18121
200,1,41,14.8,18141
200,1,42,15.2,11361
200,1,43,15.5,11189
200,1,44,16,11389
200A,1,1,0,11379
200A,1,2,0.3,11381
200A,1,3,0.7,11181
200A,1,4,1,11369
200A,1,5,1.6,18149
200A,1,6,2.2,18129
200A,1,7,2.8,15139
200A,1,8,3.5,15129
200A,1,9,3.9,15119
200A,1,10,4.1,15109
200A,1,11,4.5,15099
200A,1,12,4.8,15079
200A,1,13,5.1,15221
200A,1,14,5.4,16201
200A,1,15,5.7,16011
200A,1,16,6.2,16021
200A,1,17,6.5,16031
200A,1,18,6.7,16041
200A,1,19,7,16051
200A,1,20,7.2,16061
200A,1,21,7.4,16071
200A,1,22,7.7,16081
200A,1,23,8.2,16009
201,1,1,0,16009
201,1,2,0.5,17011
201,1,3,0.8,17021
201,1,4,1.1,17381
201,1,5,1.4,17031
201,1,6,1.7,17041
201,1,7,2.7,17251
201,1,8,2.9,17161
201,1,9,3.3,17171
201,1,10,3.6,17181
201,1,11,3.9,17051
201,1,12,5,20021
201,1,13,5.5,20031
201,1,14,7.4,20081
201,1,15,7.7,29159
201,1,16,8.1,20249
201,1,17,8.4,20129
201,1,18,8.8,20239
201,1,19,9,20219
201,1,20,9.4,20209
201,1,21,9.6,20259
201,1,22,9.9,20159
201,1,23,10.2,20199
201,1,24,10.5,20189
201,1,25,10.8,20261
201,1,26,11.3,20059
201,1,27,12.1,20039
201,1,28,12.6,20029
201,1,29,13.2,17059
201,1,30,13.6,17189
201,1,31,13.9,17179
201,1,33,14.5,17259
201,1,34,15.4,17049
201,1,35,15.8,17039
201,1,36,16.1,17389
201,1,37,16.4,17029
201,1,38,16.8,17019
201,1,39,17.4,16009
21,1,1,0,77009
21,1,2,0.8,78109
21,1,3,1.2,78081
21,1,4,1.6,78071
21,1,5,1.8,78069
21,1,6,2.2,78059
21,1,7,2.6,98099
21,1,8,3,98019
21,1,9,3.6,76249
21,1,10,3.9,76239
21,1,11,4.3,76229
21,1,12,4.6,76219
21,1,13,5,76209
21,1,14,5.5,76149
21,1,15,5.9,76139
21,1,16,6.5,76069
21,1,17,7.2,75059
21,1,18,7.9,75069
21,1,19,8.3,75349
21,1,20,8.6,84609
21,1,21,8.9,84639
21,1,22,9.1,84619
21,1,23,9.4,84629
21,1,24,9.7,84479
21,1,25,10.1,84469
21,1,26,10.7,84481
21,1,27,11.2,84491
21,1,28,11.6,72079
21,1,29,11.9,72069
21,1,30,12.3,72029
21,1,31,12.7,72019
21,1,32,13.4,83119
21,1,33,13.6,83109
21,1,34,14.3,82069
21,1,35,14.8,82049
21,1,36,15.2,82029
21,1,37,15.5,82109
21,1,38,15.8,81069
21,1,39,16.2,81049
21,1,40,16.5,81029
21,1,41,17,80089
21,1,42,17.4,80069
21,1,43,17.9,80049
21,1,44,18.3,80101
21,1,45,19,60051
21,1,46,19.6,60099
21,1,47,19.9,07329
21,1,49,20.4,07231
21,1,50,20.9,07211
21,1,51,21.2,07221
21,1,52,21.6,50249
21,1,53,21.8,50239
21,1,54,22.4,50129
21,1,55,22.8,50119
21,1,56,23.3,50031
21,1,57,23.6,50041
21,1,58,24.1,50161
21,1,59,24.4,50171
21,1,60,24.7,50191
21,1,61,24.9,50201
21,1,62,25.2,50211
21,1,63,25.6,50991
21,1,64,26.1,52129
21,1,65,26.4,52049
21,1,66,26.8,52119
21,1,67,27.3,52499
21,2,1,0,52499
21,2,2,0.3,52451
21,2,3,0.6,52129
21,2,4,0.9,52049
21,2,5,1.3,52119
21,2,6,1.7,52099
21,2,7,2,50159
21,2,8,2.2,50209
21,2,9,2.4,50199
21,2,10,2.7,50189
21,2,11,2.9,50179
21,2,12,3.2,50169
21,2,13,3.6,50059
21,2,14,3.8,50049
21,2,15,4.3,50038
21,2,16,4.7,50111
21,2,17,5,50121
21,2,18,5.6,50231
21,2,19,5.9,50331
21,2,20,6.2,50349
21,2,21,6.4,60199
21,2,22,7,60059
21,2,23,7.7,80109
21,2,24,8,80051
21,2,25,8.4,80071
21,2,26,8.9,80091
21,2,27,9.2,81011
21,2,28,9.5,81031
21,2,29,10,81051
21,2,30,10.6,82011
21,2,31,10.8,82032
21,2,32,11.4,82061
21,2,33,11.8,83101
21,2,34,12.1,83111
21,2,35,12.6,72011
21,2,36,13,72021
21,2,37,13.5,72061
21,2,38,13.7,72071
21,2,39,14.2,84499
21,2,40,14.8,84489
21,2,41,15.2,84461
21,2,42,15.6,84471
21,2,43,16,84621
21,2,44,16.4,84611
21,2,45,16.6,84631
21,2,46,16.8,84601
21,2,47,17.2,75341
21,2,48,17.6,75061
21,2,49,18.3,75051
21,2,50,18.9,76061
21,2,51,19.4,76131
21,2,52,19.8,76141
21,2,53,20.3,76201
21,2,54,20.6,76211
21,2,55,20.9,76221
21,2,56,21.3,76231
21,2,57,21.6,76241
21,2,58,22.2,98011
21,2,59,22.5,98091
21,2,60,22.9,78051
21,2,61,23.3,78061
21,2,62,23.6,78079
21,2,63,24,78089
21,2,64,24.4,78101
21,2,65,25,77009
21A,1,1,0,80089
21A,1,2,0.4,80069
21A,1,3,0.9,80049
21A,1,4,1.3,80101
21A,1,5,2,60051
21A,1,6,2.6,60099
21A,1,7,2.9,07329
21A,1,9,3.4,07231
22,1,1,0,54009
22,1,2,0.5,54339
22,1,3,0.9,54329
22,1,4,1.2,54319
22,1,5,1.8,54101
22,1,6,2.7,66091
22,1,7,3.2,66031
22,1,8,3.7,66041
22,1,9,4,66051
22,1,10,4.4,66379
22,1,11,4.7,66359
22,1,12,5,62141
22,1,13,5.4,62059
22,1,14,5.8,62049
22,1,15,6,62039
22,1,16,6.4,62029
22,1,17,6.6,62019
22,1,18,6.9,70309
22,1,19,7.1,70299
22,1,20,7.4,70289
22,1,21,7.9,70279
22,1,22,8.2,70269
22,1,23,8.5,71161
22,1,24,8.8,71151
22,1,25,9.1,71141
22,1,26,9.4,71121
22,1,27,9.7,71131
22,1,28,10,71091
22,1,29,10.4,72021
22,1,30,10.9,72061
22,1,31,11.1,72071
22,1,32,11.6,84499
22,1,33,12.2,84489
22,1,34,12.6,84461
22,1,35,13,84471
22,1,36,13.4,84621
22,1,37,13.8,84611
22,1,38,14,84631
22,1,39,14.2,84601
22,1,40,14.6,75341
22,1,41,15,75061
22,1,42,15.7,76289
22,1,43,16,76129
22,1,44,16.3,76119
22,1,45,16.5,76051
22,1,46,17.1,75009
22,2,1,0,75009
22,2,2,0.6,76059
22,2,3,0.8,76111
22,2,4,1.1,76121
22,2,5,1.4,76281
22,2,6,2.2,75069
22,2,7,2.6,75349
22,2,8,2.9,84609
22,2,9,3.2,84639
22,2,10,3.4,84619
22,2,11,3.7,84629
22,2,12,4,84479
22,2,13,4.4,84469
22,2,14,5,84481
22,2,15,5.5,84491
22,2,16,5.9,72079
22,2,17,6.2,72069
22,2,18,6.6,72029
22,2,19,7,71099
22,2,20,7.4,71139
22,2,21,7.7,71129
22,2,22,8,71149
22,2,23,8.3,71159
22,2,24,8.6,71169
22,2,25,9.1,70261
22,2,26,9.3,70271
22,2,27,9.9,70281
22,2,28,10.2,70291
22,2,29,10.5,70301
22,2,30,10.8,62011
22,2,31,11,62021
22,2,32,11.2,62031
22,2,33,11.6,62041
22,2,34,12.1,62051
22,2,35,12.3,62149
22,2,36,12.7,66351
22,2,37,13.1,66371
22,2,38,13.4,66059
22,2,39,13.8,66049
22,2,40,14.1,66039
22,2,41,14.8,66099
22,2,42,15.7,54109
22,2,43,16.3,54311
22,2,44,16.6,54321
22,2,45,17,54331
22,2,46,17.4,54009
222,1,1,0,84009
222,1,2,0.9,84359
222,1,3,1.2,84211
222,1,4,1.4,84221
222,1,5,1.8,84231
222,1,6,2.2,84241
222,1,7,2.4,84281
222,1,8,2.7,84059
222,1,9,3.2,84049
222,1,10,3.9,84039
222,1,11,4.3,84029
222,1,12,4.7,84641
222,1,13,5.3,84559
222,1,14,5.6,84569
222,1,15,6,84579
222,1,16,6.3,84589
222,1,17,6.7,84011
222,1,18,7,84021
222,1,19,7.6,84031
222,1,20,8.1,84041
222,1,21,8.7,84051
222,1,22,8.9,84289
222,1,23,9.2,84249
222,1,24,9.6,84239
222,1,25,10,84229
222,1,26,10.3,84219
222,1,27,10.6,84351
222,1,28,11.3,84009
222A,1,1,0,84009
222A,1,2,0.9,84359
222A,1,3,1.2,84211
222A,1,4,1.4,84221
222A,1,5,1.8,84231
222A,1,6,2.2,84241
222A,1,7,2.4,84281
222A,1,8,2.7,84059
222A,1,9,3.2,84049
222A,1,10,3.9,84039
222B,1,1,0,84039
222B,1,2,0.4,84029
222B,1,3,0.8,84641
222B,1,4,1.4,84559
222B,1,5,1.7,84569
222B,1,6,2.1,84579
222B,1,7,2.4,84589
222B,1,8,2.8,84011
222B,1,9,3.1,84021
222B,1,10,3.7,84031
225G,1,1,0,84009
225G,1,2,0.6,84301
225G,1,3,0.9,84371
225G,1,4,1.2,84381
225G,1,5,1.5,84391
225G,1,6,1.8,84401
225G,1,7,2,84411
225G,1,8,2.3,84421
225G,1,9,2.6,84331
225G,1,10,3.2,84009
225W,1,1,0,84009
225W,1,2,0.7,84339
225W,1,3,1.3,84449
225W,1,4,1.7,84419
225W,1,5,2,84409
225W,1,6,2.4,84379
225W,1,7,2.7,84309
225W,1,8,3.3,84009
228,1,1,0,84009
228,1,2,0.9,84359
228,1,3,1.2,84211
228,1,4,1.5,84521
228,1,5,2,84201
228,1,6,2.3,84609
228,1,7,2.6,84639
228,1,8,2.8,84619
228,1,9,3.1,84629
228,1,10,3.4,84479
228,1,11,3.8,84469
228,1,12,4.4,84481
228,1,13,4.9,84491
228,1,14,5.2,84501
228,1,15,5.6,84511
228,1,16,6,84499
228,1,17,6.6,84489
228,1,18,7,84461
228,1,19,7.4,84471
228,1,20,7.8,84621
228,1,21,8.2,84611
228,1,22,8.4,84631
228,1,23,8.6,84601
228,1,24,8.9,84209
228,1,25,9.4,84529
228,1,26,9.7,84219
228,1,27,10,84351
228,1,28,10.7,84009
229,1,1,0,84009
229,1,2,0.6,84549
229,1,3,1.1,84649
229,1,4,1.5,84021
229,1,5,2,84139
229,1,6,2.6,84129
229,1,7,3,84119
229,1,8,3.4,84149
229,1,9,3.6,84089
229,1,10,4.1,84661
229,1,11,4.4,84671
229,1,12,4.7,94051
229,1,13,5.1,84681
229,1,14,5.3,84691
229,1,15,5.7,84071
229,1,16,6,84081
229,1,17,6.3,84141
229,1,18,6.7,84111
229,1,19,7.2,84121
229,1,20,7.9,84131
229,1,21,8.3,84029
229,1,22,8.7,84641
229,1,23,9.2,84541
229,1,24,9.9,84009
23,1,1,0,75009
23,1,2,0.6,76059
23,1,3,1.1,76069
23,1,4,1.8,75059
23,1,5,2.2,75229
23,1,6,2.7,75239
23,1,7,3.1,75249
23,1,8,3.4,75259
23,1,9,5.6,84459
23,1,10,5.8,84539
23,1,12,12.2,60069
23,1,13,12.7,60079
23,1,14,12.9,60179
23,1,15,13.1,60159
23,1,16,13.4,60139
23,1,17,13.9,60119
23,1,18,14.4,60099
23,1,19,14.7,07329
23,1,20,15,07319
23,1,21,15.5,07419
23,1,22,16.1,07531
23,1,23,16.4,07031
23,1,24,16.8,07111
23,1,25,17.4,07211
23,1,26,17.7,07221
23,1,27,18.1,60101
23,1,28,18.4,60121
23,1,29,18.8,60141
23,1,30,19.1,60161
23,1,31,19.9,60071
23,1,32,20.5,60061
23,1,34,26.2,84451
23,1,35,28.6,75251
23,1,36,28.9,75241
23,1,37,29.3,75231
23,1,38,29.7,75221
23,1,39,30.2,75051
23,1,40,30.8,76061
23,1,41,31.3,76051
23,1,42,31.9,75009
231,1,1,0,52009
231,1,2,0.5,52131
231,1,3,1,52141
231,1,4,1.2,52151
231,1,5,1.6,52161
231,1,6,1.9,52171
231,1,7,2.1,52441
231,1,8,2.6,52279
231,1,9,3,52269
231,1,10,3.3,52281
231,1,11,3.6,52291
231,1,12,4.1,52449
231,1,13,4.3,52179
231,1,14,4.7,52169
231,1,15,4.9,52159
231,1,16,5.1,52149
231,1,17,5.5,52139
231,1,18,6.1,52009
232,1,1,0,52009
232,1,2,0.5,52509
232,1,3,0.8,52251
232,1,4,1.2,52239
232,1,5,1.7,52191
232,1,6,2,52201
232,1,7,2.3,52171
232,1,8,2.5,52441
232,1,9,3,52351
232,1,10,3.3,52341
232,1,11,3.6,52311
232,1,12,3.9,52429
232,1,13,4.2,52439
232,1,14,4.6,52359
232,1,15,5,52449
232,1,16,5.2,52179
232,1,17,5.5,52209
232,1,18,5.9,52199
232,1,19,6.1,52189
232,1,20,6.4,52009
235,1,1,0,52009
235,1,2,0.5,52509
235,1,3,0.8,52329
235,1,4,1.2,52339
235,1,5,1.7,52309
235,1,6,1.9,52281
235,1,7,2.2,52291
235,1,8,2.7,52229
235,1,9,3,52201
235,1,10,3.5,52169
235,1,11,4,52219
235,1,12,4.4,52559
235,1,13,4.7,52211
235,1,14,5.2,52161
235,1,15,5.6,52209
235,1,16,5.9,52221
235,1,17,6.5,52299
235,1,18,6.8,52289
235,1,19,7.1,52301
235,1,20,7.6,52331
235,1,21,8,52321
235,1,22,8.3,52501
235,1,23,8.7,52009
238,1,1,0,52009
238,1,2,0.5,52509
238,1,3,0.8,52329
238,1,4,1.2,52339
238,1,5,1.5,52311
238,1,6,1.7,52489
238,1,7,2,52399
238,1,8,2.4,52389
238,1,9,2.6,52529
238,1,10,2.9,52059
238,1,11,3.5,52539
238,1,12,3.8,52371
238,1,13,4.1,52381
238,1,14,4.4,52391
238,1,15,4.8,52481
238,1,16,5.1,52319
238,1,17,5.5,52331
238,1,18,5.9,52321
238,1,19,6.2,52501
238,1,20,6.6,52009
24,1,1,0,54009
24,1,2,0.5,54339
24,1,3,0.9,54329
24,1,4,1.2,54319
24,1,5,1.8,54101
24,1,6,2.7,66091
24,1,7,3.2,66031
24,1,8,3.7,66041
24,1,9,4,66051
24,1,10,4.3,63149
24,1,11,4.9,62059
24,1,12,5.3,62049
24,1,13,5.5,62039
24,1,14,5.9,62029
24,1,15,6.1,62019
24,1,16,6.4,70309
24,1,17,6.6,70299
24,1,18,6.9,70289
24,1,19,7.4,70279
24,1,20,7.7,70269
24,1,21,8.2,70259
24,1,22,8.6,81101
24,1,23,8.9,81111
24,1,24,9.4,82011
24,1,25,9.6,82032
24,1,26,10.2,82061
24,1,27,10.8,83011
24,1,28,11.1,83031
24,1,29,11.5,83062
24,1,30,12,83081
24,1,31,12.6,84011
24,1,32,12.9,84021
24,1,33,13.5,84031
24,1,34,14,84041
24,1,35,14.6,84051
24,1,36,14.9,84061
24,1,37,15.4,85091
24,1,38,16,85101
24,1,39,16.4,96011
24,1,40,16.9,96021
24,1,41,17.1,96031
24,1,42,17.5,95901
24,1,43,17.9,96041
24,1,44,18.2,96051
24,1,45,18.6,96061
24,1,47,22.2,95151
24,1,48,22.7,95011
24,1,49,24.1,95109
24,1,50,24.9,95029
24,1,51,25.7,95129
24,1,52,26.8,95019
24,1,53,28.3,95209
24,1,54,29.7,95159
24,1,56,32.9,96069
24,1,57,33.3,96059
24,1,58,33.6,96049
24,1,59,33.9,95909
24,1,60,34.3,96039
24,1,61,34.6,96029
24,1,62,35,96019
24,1,63,35.3,85109
24,1,64,36,85099
24,1,65,36.5,84069
24,1,66,36.8,84059
24,1,67,37.3,84049
24,1,68,38,84039
24,1,69,38.4,84029
24,1,70,38.7,84019
24,1,71,39.2,83099
24,1,72,39.6,83079
24,1,73,40,83059
24,1,74,40.2,83049
24,1,75,40.6,83029
24,1,76,41,82069
24,1,77,41.5,82049
24,1,78,41.9,82029
24,1,80,42.4,81129
24,1,81,42.7,81119
24,1,82,43,81109
24,1,83,43.5,70251
24,1,84,43.9,70261
24,1,85,44.1,70271
24,1,86,44.7,70281
24,1,87,45,70291
24,1,88,45.3,70301
24,1,89,45.6,62011
24,1,90,45.8,62021
24,1,91,46,62031
24,1,92,46.4,62041
24,1,93,46.9,62051
24,1,94,47.3,63141
24,1,95,47.7,66059
24,1,96,48.1,66049
24,1,97,48.4,66039
24,1,98,49.1,66099
24,1,99,50,54109
24,1,100,50.6,54311
24,1,101,50.9,54321
24,1,102,51.3,54331
24,1,103,51.7,54009
240,1,1,0,22009
240,1,2,0.7,22499
240,1,4,2.1,21411
240,1,5,2.5,21421
240,1,6,2.9,21431
240,1,7,3.1,21441
240,1,8,3.3,21459
240,1,9,3.6,21239
240,1,10,4,28099
240,1,11,4.7,21669
240,1,12,5,21629
240,1,13,5.4,21609
240,1,14,5.8,21599
240,1,15,6.1,21589
240,1,16,6.4,21579
240,1,17,6.6,21569
240,1,18,7.1,21559
240,1,19,7.3,21179
240,1,20,7.8,21029
240,1,21,8.6,21779
240,1,22,9,21561
240,1,23,9.2,21571
240,1,24,9.4,21581
240,1,25,9.7,21591
240,1,26,10,21601
240,1,27,10.2,21621
240,1,28,10.7,21661
240,1,29,11.2,28091
240,1,30,11.8,21231
240,1,31,12.2,21451
240,1,32,12.5,21449
240,1,33,12.8,21439
240,1,34,13.1,21429
240,1,35,13.6,21419
240,1,37,14.9,22491
240,1,38,15.4,22009
240A,1,1,0,21581
240A,1,2,0.3,21591
240A,1,3,0.6,21601
240A,1,4,0.8,21621
240A,1,5,1.3,21661
240A,1,6,1.8,28091
240M,1,1,0,28091
240M,1,2,0.6,21231
240M,1,3,1,21451
240M,1,4,1.3,21449
240M,1,5,1.6,21439
240M,1,6,1.9,21429
240M,1,7,2.4,21419
240M,1,8,3.9,22499
240M,1,9,5.3,21411
240M,1,10,5.7,21421
240M,1,11,6.1,21431
240M,1,12,6.3,21441
240M,1,13,6.5,21459
240M,1,14,6.8,21239
240M,1,15,7.2,28099
241,1,1,0,22009
241,1,2,0.8,22501
241,1,3,1.1,22511
241,1,4,1.4,22521
241,1,5,1.7,22451
241,1,6,2,27301
241,1,7,2.5,27271
241,1,8,2.8,27131
241,1,9,3.1,27531
241,1,10,3.3,27141
241,1,11,3.7,27159
241,1,12,4,27279
241,1,13,4.5,27309
241,1,14,4.8,22459
241,1,15,5.1,22529
241,1,16,5.4,22519
241,1,17,5.7,22509
241,1,18,6.2,22009
241A,1,1,0,27271
241A,1,2,0.3,27131
241A,1,3,0.6,27531
241A,1,4,0.8,27141
241A,1,5,1.2,27159
241A,1,6,1.5,27279
241A,1,7,2,27309
241A,1,8,2.3,22459
241A,1,9,2.6,22529
242,1,1,0,22009
242,1,2,0.9,22489
242,1,3,1.4,21371
242,1,4,1.8,22411
242,1,5,2.1,22341
242,1,6,2.3,27331
242,1,7,2.6,27341
242,1,8,3,27351
242,1,9,3.2,27429
242,1,10,3.5,22359
242,1,11,3.9,22349
242,1,12,4.2,22419
242,1,13,4.7,21379
242,1,14,5.1,22481
242,1,15,5.7,22009
243G,1,1,0,22009
243G,1,2,0.8,22441
243G,1,3,1.1,22591
243G,1,4,1.5,27371
243G,1,5,1.9,27381
243G,1,6,2.1,27391
243G,1,7,2.4,27409
243G,1,8,2.6,27419
243G,1,9,3.1,27361
243G,1,10,3.5,27309
243G,1,11,3.7,22369
243G,1,12,4,22239
243G,1,13,4.2,22249
243G,1,14,4.6,22259
243G,1,15,5.1,22009
243W,1,1,0,22009
243W,1,2,0.7,22251
243W,1,3,1.1,22241
243W,1,4,1.4,22231
243W,1,5,1.6,22361
243W,1,6,1.8,27301
243W,1,7,2.2,27369
243W,1,8,2.7,27411
243W,1,9,3,27401
243W,1,10,3.4,27399
243W,1,11,3.6,27389
243W,1,12,3.9,27379
243W,1,13,4.4,22599
243W,1,14,4.6,22449
243W,1,15,5.1,22009
246,1,1,0,22009
246,1,2,1.1,21359
246,1,3,1.4,21251
246,1,4,1.7,21269
246,1,5,2,21509
246,1,6,2.5,21499
246,1,7,2.7,21489
246,1,8,3,21479
246,1,9,3.3,21469
246,1,10,3.6,21551
246,1,11,4,21561
246,1,12,4.2,21571
246,1,13,4.4,21581
246,1,14,4.7,21591
246,1,15,5.2,21671
246,1,16,5.3,21651
246,1,17,5.8,21661
246,1,18,6.3,28091
246,1,19,6.9,21231
246,1,20,7.3,21451
246,1,21,7.6,21449
246,1,22,7.9,21439
246,1,23,8.2,21429
246,1,24,8.7,21419
246,1,25,8.9,21409
246,1,26,9.3,21459
246,1,27,9.6,21239
246,1,28,10,28099
246,1,29,10.7,21669
246,1,30,11.1,21659
246,1,31,11.3,21679
246,1,32,11.8,21599
246,1,33,12.1,21589
246,1,34,12.4,21579
246,1,35,12.6,21569
246,1,36,13.1,21559
246,1,37,13.4,21461
246,1,38,13.7,21471
246,1,39,14.1,21481
246,1,40,14.3,21491
246,1,41,14.7,21501
246,1,42,15.1,21261
246,1,43,15.4,21259
246,1,44,15.8,21351
246,1,45,16.9,22009
247,1,1,0,25009
247,1,2,0.6,25421
247,1,3,0.9,25491
247,1,4,1.4,25471
247,1,5,1.7,25501
247,1,6,1.9,25531
247,1,7,2.3,25541
247,1,8,3,25551
247,1,9,3.7,24701
247,1,10,4,26011
247,1,11,4.3,26021
247,1,12,4.5,26031
247,1,13,4.8,26049
247,1,14,5.1,26059
247,1,15,5.4,26069
247,1,16,5.6,25561
247,1,17,6,25571
247,1,18,6.8,25591
247,1,19,7.9,25601
247,1,20,8.4,25611
247,1,21,8.8,25621
247,1,22,9.3,25631
247,1,23,9.6,26419
247,1,24,9.9,26429
247,1,25,10.2,26211
247,1,26,10.4,26221
247,1,27,10.8,25661
247,1,28,11.4,25671
247,1,29,11.8,25669
247,1,30,12.3,25641
247,1,31,13,25651
247,1,32,13.4,25609
247,1,33,14.3,25599
247,1,34,15.2,25579
247,1,35,15.6,25569
247,1,36,15.9,26061
247,1,37,16.2,26051
247,1,38,16.5,26041
247,1,39,16.9,26039
247,1,40,17.2,26029
247,1,41,17.3,26019
247,1,42,17.6,24709
247,1,43,18.4,25559
247,1,44,18.8,25589
247,1,45,19,25549
247,1,46,19.4,25539
247,1,47,19.6,25509
247,1,48,19.9,25479
247,1,49,20.4,25499
247,1,50,20.7,25429
247,1,51,21.3,25009
248,1,1,0,25009
248,1,2,0.6,25421
248,1,3,0.9,25431
248,1,4,1.3,25441
248,1,5,1.7,25681
248,1,6,2.3,25691
248,1,7,2.6,26101
248,1,8,2.9,26091
248,1,9,3.2,26081
248,1,10,3.5,26071
248,1,11,6.6,25701
248,1,12,7.4,25711
248,1,13,9.3,25741
248,1,14,10.5,25751
248,1,15,10.9,25761
248,1,16,11.8,25771
248,1,17,12.4,25781
248,1,18,13,25791
248,1,19,13.5,25801
248,1,20,14.2,25729
248,1,21,15,25719
248,1,22,15.8,25709
248,1,23,18.9,26079
248,1,24,19.2,26089
248,1,25,19.5,26099
248,1,26,19.9,26109
248,1,27,20.3,24719
248,1,28,20.6,25689
248,1,29,21.1,25449
248,1,30,21.5,25439
248,1,31,21.7,25429
248,1,32,22.3,25009
249,1,1,0,22009
249,1,2,1.1,21359
249,1,3,1.5,21349
249,1,4,2,21339
249,1,5,2.4,21329
249,1,6,2.7,21319
249,1,7,3.2,21309
249,1,8,3.6,21299
249,1,9,4.1,22079
249,1,10,4.6,22069
249,1,11,4.9,22059
249,1,12,5.3,22049
249,1,13,5.7,22399
249,1,14,6.1,22409
249,1,15,6.5,22429
249,1,16,6.8,22089
249,1,17,7.2,22331
249,1,18,7.5,22081
249,1,19,7.8,22421
249,1,20,8.1,22099
249,1,21,8.7,23469
249,1,22,8.8,23451
249,1,23,9,23461
249,1,24,9.5,22091
249,1,25,9.7,22401
249,1,26,10.1,22391
249,1,27,10.7,22041
249,1,28,11.1,22051
249,1,29,11.4,22061
249,1,30,11.7,22071
249,1,31,12.1,21291
249,1,32,12.4,21301
249,1,33,12.9,21311
249,1,34,13.2,21321
249,1,35,13.6,21331
249,1,36,14.1,21341
249,1,37,14.5,21351
249,1,38,15.6,22009
25,1,1,0,54009
25,1,2,0.4,54261
25,1,3,0.7,54271
25,1,4,1,54281
25,1,5,1.3,54291
25,1,6,1.8,54301
25,1,7,2.1,66341
25,1,8,2.7,66331
25,1,9,3.1,66101
25,1,10,3.6,63311
25,1,11,4,63321
25,1,12,4.4,63331
25,1,13,4.8,63341
25,1,14,5.4,63249
25,1,15,5.9,63071
25,1,16,6.2,63081
25,1,17,6.6,63091
25,1,18,6.9,63101
25,1,19,7.3,62231
25,1,20,7.6,62241
25,1,21,8,71051
25,1,22,8.5,71061
25,1,23,8.9,71071
25,1,24,9.3,71081
25,1,25,9.8,71091
25,1,26,10.2,72019
25,1,27,10.9,83119
25,1,28,11.1,83109
25,1,29,11.6,83011
25,1,30,11.9,83031
25,1,31,12.3,83062
25,1,32,12.8,83081
25,1,33,13.4,84011
25,1,34,13.7,84021
25,1,35,14.3,84031
25,1,36,14.8,84041
25,1,37,15.4,84051
25,1,38,15.7,84061
25,1,39,16.3,84101
25,1,40,16.6,84661
25,1,41,16.9,84671
25,1,42,17.2,94051
25,1,43,17.7,94061
25,1,44,17.9,94009
25,2,1,0,94009
25,2,2,0.6,94069
25,2,3,0.9,94059
25,2,4,1.4,84679
25,2,5,1.6,84669
25,2,6,2,84109
25,2,7,2.5,84069
25,2,8,2.8,84059
25,2,9,3.3,84049
25,2,10,4,84039
25,2,11,4.4,84029
25,2,12,4.7,84019
25,2,13,5.2,83099
25,2,14,5.6,83079
25,2,15,6,83059
25,2,16,6.2,83049
25,2,17,7.1,83101
25,2,18,7.4,83111
25,2,19,7.9,72011
25,2,20,8.2,71099
25,2,21,8.6,71089
25,2,22,9,71079
25,2,23,9.5,71069
25,2,24,9.9,71059
25,2,25,10.3,62249
25,2,26,10.7,62239
25,2,27,11.1,63109
25,2,28,11.4,63099
25,2,29,11.8,63089
25,2,30,12.2,63079
25,2,31,12.7,63241
25,2,32,13.2,63349
25,2,33,13.8,63339
25,2,34,14.1,63329
25,2,35,14.6,63319
25,2,36,15.1,66109
25,2,37,15.6,66339
25,2,38,16.2,66349
25,2,39,16.5,54309
25,2,40,17.1,54299
25,2,41,17.4,54289
25,2,42,17.7,54279
25,2,43,18,54269
25,2,44,18.3,54009
251,1,1,0,22009
251,1,2,0.7,22499
251,1,3,1.2,22569
251,1,4,1.6,22559
251,1,5,1.9,22549
251,1,6,2.1,22189
251,1,7,2.5,22179
251,1,8,2.9,22169
251,1,9,3.5,22159
251,1,10,3.9,22149
251,1,11,4.6,23279
251,1,12,5.3,23269
251,1,13,5.6,23259
251,1,14,6.4,23439
251,1,15,6.7,23429
251,1,16,6.9,23419
251,1,17,7.2,23409
251,1,18,7.6,23399
251,1,19,7.9,23389
251,1,20,8.2,22091
251,1,21,8.4,22401
251,1,22,8.8,22391
251,1,23,9.2,22141
251,1,24,9.6,22151
251,1,25,10.1,22161
251,1,26,10.6,22171
251,1,27,11,22181
251,1,28,11.3,22541
251,1,29,11.6,22551
251,1,30,12,22561
251,1,31,12.5,22491
251,1,32,13,22009
252,1,1,0,22009
252,1,3,2.1,22439
252,1,4,2.5,22309
252,1,5,3,22299
252,1,6,3.4,22281
252,1,7,3.6,22219
252,1,8,4,22229
252,1,9,4.6,23189
252,1,10,4.9,23179
252,1,11,5.2,23169
252,1,12,5.5,23159
252,1,13,6.1,23489
252,1,14,6.4,23499
252,1,15,6.7,24149
252,1,16,7,24139
252,1,17,7.4,24129
252,1,18,7.7,24571
252,1,19,8.1,24581
252,1,20,8.4,24599
252,1,21,8.6,24489
252,1,22,9,24499
252,1,23,9.3,24159
252,1,24,9.5,23491
252,1,25,9.8,23481
252,1,26,10.2,23151
252,1,27,10.6,23161
252,1,28,10.9,23171
252,1,29,11.3,23181
252,1,30,11.7,22221
252,1,31,12.1,22271
252,1,32,12.4,22289
252,1,33,12.7,22329
252,1,34,12.9,22319
252,1,35,13.3,22431
252,1,37,,22009
253,1,1,0,24009
253,1,2,0.8,23519
253,1,3,1.6,23471
253,1,4,1.9,23191
253,1,5,2.2,23201
253,1,6,2.6,23211
253,1,7,3.6,23269
253,1,8,3.9,23259
253,1,9,4.4,23249
253,1,10,4.8,23281
253,1,11,5.1,23291
253,1,12,5.3,23301
253,1,13,5.7,23311
253,1,14,6,23321
253,1,15,6.3,23331
253,1,16,7,23241
253,1,17,7.5,23251
253,1,18,7.8,23261
253,1,19,8.8,23219
253,1,20,9.2,23209
253,1,21,9.5,23199
253,1,22,9.8,23479
253,1,23,10.6,23371
253,1,24,10.9,24009
254,1,1,0,24009
254,1,2,0.8,23519
254,1,7,3,23239
254,1,8,3.3,23229
254,1,9,3.6,24339
254,1,11,4.4,24679
254,1,12,4.8,24689
254,1,13,5.1,24699
254,1,14,5.4,24601
254,1,15,5.8,24611
254,1,16,6.2,24621
254,1,17,6.4,24629
254,1,18,6.8,24619
254,1,19,7.1,24609
254,1,20,7.8,25821
254,1,21,8.3,24709
254,1,22,9.7,25691
254,1,23,10,26141
254,1,24,10.3,26151
254,1,25,10.7,26161
254,1,26,11,26171
254,1,27,11.4,26131
254,1,28,11.6,26121
254,1,29,12,26111
254,1,30,12.4,24691
254,1,31,12.7,24681
254,1,32,13.1,24671
254,1,34,14,24331
254,1,35,14.3,23221
254,1,36,14.6,23231
254,1,41,16.7,23371
254,1,42,17,24009
255,1,1,0,24009
255,1,2,0.8,23519
255,1,3,1.4,24639
255,1,4,1.6,24259
255,1,5,2,24249
255,1,6,2.3,24239
255,1,7,2.6,24229
255,1,8,3,24219
255,1,9,3.5,24209
255,1,10,3.8,24199
255,1,11,4.2,24189
255,1,12,4.6,24179
255,1,13,4.9,24169
255,1,14,5.2,24301
255,1,15,5.5,24641
255,1,16,5.8,24651
255,1,17,6,24089
255,1,18,6.4,24299
255,1,19,6.7,24289
255,1,20,7.1,24279
255,1,21,7.4,24269
255,1,22,7.8,24631
255,1,23,8.5,23371
255,1,24,8.8,24009
257,1,1,0,24009
257,1,2,0.8,23519
257,1,3,1.5,23369
257,1,4,2,23359
257,1,5,2.2,23449
257,1,6,2.4,23349
257,1,7,3,23239
257,1,8,3.3,23229
257,1,9,3.6,24339
257,1,10,4.1,24389
257,1,11,4.4,24379
257,1,12,4.7,24369
257,1,13,5.1,24359
257,1,14,5.4,24349
257,1,15,5.9,24341
257,1,16,6.3,24351
257,1,17,6.6,24461
257,1,18,6.9,24391
257,1,19,7.2,24401
257,1,20,7.5,24411
257,1,21,7.8,24421
257,1,22,8.2,24531
257,1,23,8.7,24541
257,1,24,9.1,24559
257,1,25,9.4,24549
257,1,26,9.7,24539
257,1,27,10,24431
257,1,28,10.4,24441
257,1,29,10.8,24451
257,1,30,11.1,24381
257,1,31,11.6,24331
257,1,32,11.9,23221
257,1,33,12.2,23231
257,1,34,12.7,23341
257,1,35,12.9,23441
257,1,36,13.3,23351
257,1,37,13.5,23361
257,1,38,14.3,23371
257,1,39,14.6,24009
258,1,1,0,24009
258,1,2,0.8,23519
258,1,3,1.2,23039
258,1,4,1.7,23029
258,1,5,2.4,23019
258,1,6,3.1,22161
258,1,7,3.6,22171
258,1,8,4,22181
258,1,9,4.3,22461
258,1,10,4.6,22529
258,1,11,4.9,22531
258,1,12,5.2,22231
258,1,13,5.5,27421
258,1,14,6,27411
258,1,15,6.3,27401
258,1,16,6.7,27399
258,1,17,6.9,27389
258,1,18,7.2,27379
258,1,19,7.7,22599
258,1,20,7.9,22449
258,1,21,8.5,22499
258,1,22,9.9,22441
258,1,23,10.2,22591
258,1,24,10.6,27371
258,1,25,11,27381
258,1,26,11.2,27391
258,1,27,11.5,27409
258,1,28,11.7,27419
258,1,29,12.2,27429
258,1,30,12.5,22239
258,1,31,12.7,22539
258,1,32,13,22521
258,1,33,13.2,22469
258,1,34,13.5,22189
258,1,35,13.9,22179
258,1,36,14.3,22169
258,1,37,15.2,23011
258,1,38,16,23021
258,1,39,16.5,23031
258,1,40,17.1,23371
258,1,41,17.4,24009
26,1,1,0,84009
26,1,2,0.6,84549
26,1,3,0.8,84559
26,1,4,1.1,84569
26,1,5,1.5,84579
26,1,6,1.8,84589
26,1,7,2.2,83099
26,1,8,2.6,83079
26,1,9,3,83059
26,1,10,3.2,83049
26,1,11,3.6,83029
26,1,12,4,82069
26,1,13,4.5,82049
26,1,14,4.9,82029
26,1,15,5.2,82109
26,1,16,5.5,81069
26,1,17,5.9,81049
26,1,18,6.2,81029
26,1,19,6.7,80089
26,1,20,7.1,80069
26,1,21,7.6,80049
26,1,22,8,80101
26,1,23,8.7,60051
26,1,24,9.3,60021
26,1,25,9.8,60031
26,1,26,10.1,60229
26,1,27,10.6,60159
26,1,31,11.7,60161
26,1,32,12,60181
26,1,33,12.3,60089
26,1,34,13,52089
26,1,35,14,52321
26,1,36,14.3,52501
26,1,37,14.7,52009
26,2,1,0,52009
26,2,2,0.5,52509
26,2,3,0.8,52329
26,2,4,1.9,52081
26,2,5,2.6,60081
26,2,6,3.2,60179
26,2,7,3.8,60221
26,2,8,4.1,60039
26,2,9,4.6,60029
26,2,10,5,60059
26,2,11,5.7,80109
26,2,12,6,80051
26,2,13,6.4,80071
26,2,14,6.9,80091
26,2,15,7.2,81011
26,2,16,7.5,81031
26,2,17,8,81051
26,2,18,8.6,82011
26,2,19,8.9,82033
26,2,20,9.4,82061
26,2,21,10,83011
26,2,22,10.3,83031
26,2,23,10.7,83062
26,2,24,11.2,83081
26,2,25,11.7,84581
26,2,26,12,84571
26,2,27,12.3,84561
26,2,28,12.6,84551
26,2,29,12.9,84541
26,2,30,13.6,84009
261,1,1,0,54009
261,1,2,0.4,54261
261,1,3,0.7,54271
261,1,4,1,54281
261,1,5,1.5,54389
261,1,6,1.9,54379
261,1,7,2.3,54609
261,1,8,2.6,54369
261,1,9,3,54371
261,1,10,3.4,54381
261,1,11,3.9,54289
261,1,12,4.2,54279
261,1,13,4.5,54269
261,1,14,4.8,54009
262,1,1,0,54009
262,1,2,0.5,54339
262,1,3,0.9,54329
262,1,4,1.2,54319
262,1,5,1.5,54099
262,1,6,1.8,54089
262,1,7,2.1,54079
262,1,8,2.7,54619
262,1,9,3,54629
262,1,10,3.5,54211
262,1,11,3.7,54181
262,1,12,3.9,54169
262,1,13,4.2,56289
262,1,14,4.6,56261
262,1,15,4.9,54061
262,1,16,5.3,54621
262,1,17,5.7,54611
262,1,18,6.2,54071
262,1,19,6.6,54081
262,1,20,7,54091
262,1,21,7.3,54311
262,1,22,7.6,54321
262,1,23,8,54331
262,1,24,8.4,54009
265,1,1,0,55009
265,1,2,0.2,55231
265,1,3,0.5,55319
265,1,4,0.8,55309
265,1,5,1.2,55159
265,1,6,1.8,55019
265,1,7,2.2,55129
265,1,8,2.7,56251
265,1,9,3.2,56241
265,1,10,3.4,54161
265,1,11,3.6,54189
265,1,12,4,54221
265,1,13,4.3,54231
265,1,14,4.8,54241
265,1,15,5.3,54009
265,1,16,5.7,54391
265,1,17,6.1,54341
265,1,18,6.8,54449
265,1,19,7.1,54401
265,1,20,7.4,54411
265,1,21,7.8,54589
265,1,22,8.1,54429
265,1,23,8.6,54439
265,1,24,8.9,54419
265,1,25,9.2,54409
265,1,26,9.5,54441
265,1,27,9.8,54359
265,1,28,10.2,54349
265,1,29,10.6,54399
265,1,30,10.8,54009
265,1,31,11.4,54248
265,1,32,11.8,54239
265,1,33,12.2,54229
265,1,34,12.7,54181
265,1,35,12.9,54169
265,1,36,13.2,56249
265,1,37,13.7,56259
265,1,38,14.1,55121
265,1,39,14.5,55011
265,1,40,15.2,55151
265,1,41,15.7,55301
265,1,42,16,55311
265,1,43,18,55009
268,1,1,0,55009
268,1,2,0.1,55239
268,1,3,0.5,55229
268,1,4,1,55219
268,1,5,1.3,55309
268,1,6,1.7,55159
268,1,7,2,55149
268,1,8,2.3,55139
268,1,9,2.6,54209
268,1,10,2.9,54199
268,1,11,3.4,54189
268,1,12,3.8,54221
268,1,13,4.1,54231
268,1,14,4.6,54241
268,1,15,5.1,54261
268,1,16,5.4,54271
268,1,17,5.7,54281
268,1,18,6,54291
268,1,19,6.5,54301
268,1,20,6.7,54511
268,1,21,6.9,54521
268,1,22,7.1,54599
268,1,24,8,54641
268,1,25,8.3,54631
268,1,26,8.5,54659
268,1,27,9,54509
268,1,28,9.4,54591
268,1,29,9.7,54529
268,1,30,9.9,54519
268,1,31,10.1,54309
268,1,32,10.7,54299
268,1,33,11,54289
268,1,34,11.3,54279
268,1,35,11.6,54269
268,1,36,12.1,54248
268,1,37,12.5,54239
268,1,38,12.9,54229
268,1,39,13.4,54181
268,1,40,13.8,54191
268,1,41,14.1,54201
268,1,42,14.4,55131
268,1,43,14.7,55141
268,1,44,15.1,55151
268,1,45,15.6,55301
268,1,46,16,55211
268,1,47,16.5,55221
268,1,48,16.9,55231
268,1,49,17.2,55009
268A,1,1,0,55009
268A,1,2,0.1,55239
268A,1,3,0.5,55229
268A,1,4,1,55219
268A,1,5,1.3,55309
268A,1,6,1.7,55159
268A,1,7,2,55149
268A,1,8,2.3,55139
268A,1,9,2.6,54209
268A,1,10,2.9,54199
268A,1,11,3.4,54189
268A,1,12,3.8,54221
268A,1,13,4.1,54231
268A,1,14,4.6,54241
268A,1,15,5.1,54261
268A,1,16,5.4,54271
268A,1,17,5.7,54281
268A,1,18,6,54291
268A,1,19,6.5,54301
268A,1,20,6.7,54511
268A,1,21,6.9,54521
268A,1,22,7.1,54599
268A,1,24,8,54641
268A,1,25,8.3,54631
268A,1,26,8.5,54659
268B,1,1,0,55309
268B,1,2,0.4,55159
268B,1,3,0.7,55149
268B,1,4,1,55139
268B,1,5,1.3,54209
268B,1,6,1.6,54199
268B,1,7,2.1,54189
268B,1,8,2.5,54221
268B,1,9,2.8,54231
268B,1,10,3.3,54241
268B,1,11,3.8,54261
268C,1,1,0,54269
268C,1,2,0.5,54248
268C,1,3,0.9,54239
268C,1,4,1.3,54229
268C,1,5,1.8,54181
268C,1,6,2.2,54191
268C,1,7,2.5,54201
268C,1,8,2.8,55131
268C,1,9,3.1,55141
268C,1,10,3.5,55151
268C,1,11,4,55301
269,1,1,0,54009
269,1,2,0.6,54248
269,1,3,1,54239
269,1,4,1.4,54229
269,1,5,1.9,54181
269,1,6,2.3,54191
269,1,7,2.6,54201
269,1,8,2.8,54451
269,1,9,3.2,54461
269,1,10,3.4,55201
269,1,11,3.7,55199
269,1,12,4,55169
269,1,13,4.8,55019
269,1,14,5.2,55129
269,1,15,5.6,55119
269,1,16,5.9,54209
269,1,17,6.2,54199
269,1,18,6.7,54189
269,1,19,7.1,54221
269,1,20,7.4,54231
269,1,21,7.9,54241
269,1,22,8.4,54009
269A,1,1,0,54009
269A,1,2,0.6,54248
269A,1,3,1,54239
269A,1,4,1.4,54229
269A,1,5,1.9,54181
269A,1,6,2.3,54191
269A,1,7,2.6,54201
269A,1,8,2.8,54451
269A,1,9,3.2,54461
269A,1,10,3.4,55201
269A,1,11,3.7,55199
269A,1,12,4,55169
27,1,1,0,64009
27,1,2,0.7,64389
27,1,3,1,64379
27,1,4,1.4,64579
27,1,5,2,67609
27,1,6,2.4,67261
27,1,7,2.7,67209
27,1,8,2.9,67199
27,1,9,3.1,67189
27,1,10,3.5,67249
27,1,11,3.8,67259
27,1,12,4,65061
27,1,13,4.6,65199
27,1,14,8.6,75359
27,1,15,9,75369
27,1,16,9.4,75319
27,1,17,9.9,75299
27,1,18,10.3,75289
27,1,19,10.6,75279
27,1,20,11.1,76549
27,1,21,11.9,76191
27,1,22,12.4,76149
27,1,23,12.8,76139
27,1,24,13.4,76069
27,1,25,19.2,95151
27,1,26,19.7,95011
27,1,27,21.1,95109
27,1,28,21.9,95029
27,1,29,22.7,95129
27,1,30,23.8,95019
27,1,31,24.6,95159
27,1,32,31.4,76061
27,1,33,31.9,76131
27,1,34,32.3,76141
27,1,35,32.7,76199
27,1,36,33.6,76541
27,1,37,34.1,75271
27,1,38,34.4,75281
27,1,39,34.9,75291
27,1,40,35.5,75311
27,1,41,35.9,75361
27,1,42,36.2,75351
27,1,43,40.2,65191
27,1,44,40.6,65069
27,1,45,40.9,67251
27,1,46,41.2,67241
27,1,47,41.4,67181
27,1,48,41.6,67191
27,1,49,41.9,67201
27,1,50,42.1,67269
27,1,51,42.6,67601
27,1,52,43.2,64571
27,1,53,43.6,64371
27,1,54,43.9,64381
27,1,55,44.5,64009
272,1,1,0,10009
272,1,2,0.4,10339
272,1,3,0.6,14249
272,1,4,1.1,14279
272,1,5,1.4,14319
272,1,6,1.5,14489
272,1,7,1.7,14309
272,1,8,1.9,14379
272,1,9,2.3,14291
272,1,10,2.7,14269
272,1,11,2.9,14259
272,1,12,3.2,14241
272,1,13,3.5,10331
272,1,14,3.8,10009
273,1,1,0,10009
273,1,2,0.4,10339
273,1,3,0.6,14249
273,1,4,1.1,14059
273,1,5,1.4,14349
273,1,6,1.7,14339
273,1,7,2,14399
273,1,8,2.7,14329
273,1,9,3,14359
273,1,10,3.3,14041
273,1,11,3.7,14051
273,1,12,4.2,14241
273,1,13,4.5,10331
273,1,14,4.8,10009
27A,1,1,0,67261
27A,1,2,0.3,67209
27A,1,3,0.5,67199
27A,1,4,0.7,67189
27A,1,5,1.1,67249
27A,1,6,1.4,67259
27A,1,7,1.6,65061
27A,1,8,2.2,65199
27A,1,9,6.2,75359
27A,1,10,6.6,75369
27A,1,11,7,75319
27A,1,12,7.5,75299
27A,1,13,7.9,75289
27A,1,14,8.2,75279
27A,1,15,8.7,76549
27A,1,16,9.5,76191
27A,1,17,10,76149
27A,1,18,10.4,76139
28,1,1,0,75009
28,1,2,0.5,76191
28,1,3,0.9,76399
28,1,4,1.4,76369
28,1,5,1.7,76359
28,1,6,2.1,76279
28,1,7,2.4,76269
28,1,8,2.7,76259
28,1,9,3.3,76469
28,1,10,3.6,76429
28,1,11,4,76419
28,1,12,4.2,76109
28,1,13,4.6,76099
28,1,14,5,76089
28,1,15,5.4,76079
28,1,16,6.1,75059
28,1,17,6.8,75069
28,1,18,7.2,75349
28,1,19,7.4,84209
28,1,20,7.9,84529
28,1,21,8.2,84219
28,1,22,8.7,84199
28,1,23,8.9,84049
28,1,24,9.6,84039
28,1,25,10,84029
28,1,26,10.3,84019
28,1,27,10.8,83099
28,1,28,11.2,83079
28,1,29,11.6,83059
28,1,30,11.8,83049
28,1,31,12.2,83029
28,1,32,12.6,82069
28,1,33,13.1,82049
28,1,34,13.5,82029
28,1,36,14,81129
28,1,37,14.3,81119
28,1,38,14.6,81109
28,1,39,15.1,70251
28,1,40,15.5,70261
28,1,41,15.7,70271
28,1,42,16.3,70281
28,1,43,16.6,70291
28,1,44,16.9,70301
28,1,45,17.4,62061
28,1,46,17.7,62071
28,1,47,18.1,62081
28,1,48,18.4,62091
28,1,49,18.7,62101
28,1,50,19.1,66089
28,1,51,19.5,66079
28,1,52,20.1,66069
28,1,53,20.6,52069
28,1,54,20.8,52059
28,1,55,21.4,52361
28,1,56,22,52279
28,1,57,22.5,52259
28,1,58,22.9,52501
28,1,59,23.3,52009
28,2,1,0,52009
28,2,2,0.5,52509
28,2,3,0.8,52251
28,2,4,1.3,52271
28,2,5,1.9,52369
28,2,6,2.7,52051
28,2,7,3.2,52061
28,2,8,3.7,66061
28,2,9,4.2,66071
28,2,10,4.5,66081
28,2,11,5,62109
28,2,12,5.2,62099
28,2,13,5.5,62089
28,2,14,5.7,62079
28,2,15,5.9,62069
28,2,16,6.5,70309
28,2,17,6.7,70299
28,2,18,7,70289
28,2,19,7.5,70279
28,2,20,7.8,70269
28,2,21,8.3,70259
28,2,22,8.7,81101
28,2,23,9,81111
28,2,24,9.5,82011
28,2,25,9.8,82033
28,2,26,10.3,82061
28,2,27,10.9,83011
28,2,28,11.2,83031
28,2,29,11.6,83062
28,2,30,12.1,83081
28,2,31,12.7,84011
28,2,32,13,84021
28,2,33,13.6,84031
28,2,34,14.1,84041
28,2,35,14.3,84191
28,2,36,14.8,84211
28,2,37,15.1,84521
28,2,38,15.6,84201
28,2,39,15.9,75341
28,2,40,16.3,75061
28,2,41,17,75051
28,2,42,17.7,76071
28,2,43,18.2,76081
28,2,44,18.6,76091
28,2,45,19,76101
28,2,46,19.4,76411
28,2,47,19.7,76421
28,2,48,20.1,76461
28,2,49,20.6,76251
28,2,50,20.9,76261
28,2,51,21.3,76271
28,2,52,21.6,76351
28,2,53,22,76361
28,2,54,22.4,76391
28,2,55,22.8,76199
28,2,56,23.1,75009
282,1,1,0,17009
282,1,2,0.8,17221
282,1,3,1.3,17249
282,1,4,1.8,17259
282,1,5,2.6,17269
282,1,6,2.8,17279
282,1,7,3,17289
282,1,8,3.3,17041
282,1,9,4.3,17251
282,1,10,4.8,17241
282,1,11,5.2,17229
282,1,12,5.8,17009
284,1,1,0,17009
284,1,2,0.6,17211
284,1,3,0.9,17201
284,1,4,1.3,17219
284,1,5,1.7,17009
285,1,1,0,17009
285,1,2,0.6,17239
285,1,3,1,17259
285,1,4,1.9,17061
285,1,5,2.1,17071
285,1,6,2.5,20291
285,1,7,3,20281
285,1,8,3.9,20341
285,1,9,4.2,20331
285,1,10,4.5,20329
285,1,11,4.8,20319
285,1,12,5,20309
285,1,13,5.6,20299
285,1,14,5.8,17079
285,1,15,6.1,17069
285,1,16,7,17251
285,1,17,7.2,17161
285,1,18,7.6,17171
285,1,19,7.8,17009
29,1,1,0,75009
29,1,2,0.5,76191
29,1,3,0.9,76399
29,1,4,1.4,76369
29,1,5,1.7,76359
29,1,6,2.1,76349
29,1,7,2.4,76319
29,1,8,2.7,76231
29,1,9,3,76241
29,1,10,3.7,98081
29,1,11,4,97101
29,1,12,4.3,97111
29,1,13,4.7,97201
29,1,14,5.1,97061
29,1,15,5.5,97071
29,1,16,5.9,97081
29,1,17,6.4,97091
29,1,18,6.9,98061
29,1,19,7.3,98071
29,1,20,7.7,99011
29,1,21,8.1,99021
29,1,22,8.4,99071
29,1,23,8.7,99081
29,1,24,8.9,99091
29,1,25,9.1,99101
29,1,26,9.4,99111
29,1,27,9.9,99009
29,1,28,10.1,99129
29,1,29,10.4,99119
29,1,30,10.7,99109
29,1,31,10.9,99099
29,1,32,11.1,99089
29,1,33,11.4,99079
29,1,34,11.6,99029
29,1,35,12,99019
29,1,36,12.6,98079
29,1,37,13,98069
29,1,38,13.4,97099
29,1,39,13.9,97089
29,1,40,14.3,97079
29,1,41,14.7,97069
29,1,42,15.1,97209
29,1,43,15.5,97119
29,1,44,15.8,97109
29,1,45,16.1,98089
29,1,46,16.7,76249
29,1,47,17,76239
29,1,48,17.4,76311
29,1,49,17.6,76341
29,1,50,18,76351
29,1,51,18.4,76361
29,1,52,18.8,76391
29,1,53,19.2,76199
29,1,54,19.5,75009
291,1,1,0,75009
291,1,2,0.8,75129
291,1,3,1.2,75139
291,1,4,1.6,75161
291,1,5,1.9,75201
291,1,6,2,75081
291,1,7,2.5,75099
291,1,8,2.8,75219
291,1,9,3,75109
291,1,10,3.5,75111
291,1,11,3.9,75169
291,1,12,4.5,75131
291,1,13,4.8,75121
291,1,14,5.5,75009
291,1,15,6,76191
291,1,16,6.4,76151
291,1,17,6.8,76401
291,1,18,7.1,76181
291,1,19,7.6,76411
291,1,20,7.9,76421
291,1,21,8.2,76439
291,1,22,8.4,76449
291,1,23,8.6,76459
291,1,24,9,76419
291,1,25,9.4,76189
291,1,26,9.6,76409
291,1,27,10,76159
291,1,28,10.3,76199
291,1,29,10.6,75009
292,1,1,0,75009
292,1,2,0.6,76059
292,1,3,1.1,76069
292,1,4,1.6,76071
292,1,5,2.1,76081
292,1,6,2.3,76291
292,1,7,2.7,76301
292,1,8,2.9,76099
292,1,9,3.3,76089
292,1,10,3.6,76329
292,1,11,3.9,76339
292,1,12,4.7,76061
292,1,13,5.2,76051
292,1,14,5.8,75009
293,1,1,0,75009
293,1,2,0.6,76059
293,1,3,0.8,76111
293,1,4,1.1,76121
293,1,5,1.4,75079
293,1,6,1.8,75089
293,1,7,2.1,75109
293,1,8,2.6,75151
293,1,9,3,75141
293,1,10,3.4,75329
293,1,11,3.7,75339
293,1,12,4.3,75159
293,1,13,4.8,75101
293,1,14,5.1,75081
293,1,15,5.4,75071
293,1,16,5.7,76129
293,1,17,6,76119
293,1,18,6.2,76051
293,1,19,6.8,75009
293,1,20,7.3,76191
293,1,21,7.7,76399
293,1,22,8.2,76369
293,1,23,8.5,76359
293,1,24,8.9,76279
293,1,25,9.2,76269
293,1,26,9.5,76259
293,1,27,9.9,76239
293,1,28,10.3,76311
293,1,29,10.5,76371
293,1,30,10.8,76471
293,1,31,11.2,76211
293,1,32,11.5,76221
293,1,33,11.9,76231
293,1,34,12.3,76251
293,1,35,12.6,76261
293,1,36,13,76271
293,1,37,13.3,76351
293,1,38,13.7,76361
293,1,39,14.1,76391
293,1,40,14.5,76199
293,1,41,15.1,75009
298,1,1,0,75019
298,1,2,0.4,76559
298,1,3,0.7,76191
298,1,4,1.2,76149
298,1,5,1.6,76139
298,1,6,2,76111
298,1,7,2.7,76041
298,1,8,3.1,75089
298,1,9,3.4,75109
298,1,10,3.9,75151
298,1,11,4.2,75179
298,1,12,4.6,75419
298,1,13,5.2,75021
298,1,14,5.5,75251
298,1,15,5.8,75031
298,1,16,6.1,75101
298,1,17,6.4,75081
298,1,18,6.8,76049
298,1,19,7.6,76119
298,1,20,7.9,76131
298,1,21,8.3,76141
298,1,22,8.7,76199
298,1,23,9,76551
298,1,24,9.6,75019
29A,1,1,0,75009
29A,1,2,0.5,76191
29A,1,3,0.9,76399
29A,1,4,1.4,76369
29A,1,5,1.7,76359
29A,1,6,2.1,76349
29A,1,7,2.4,76319
29A,1,8,2.7,76231
29A,1,9,3,76241
2A,1,1,0,10499
2A,1,2,0.7,10049
2A,1,3,1.1,10017
2A,1,4,2.1,05013
2A,1,5,2.5,05023
2A,1,6,2.8,04222
2A,1,7,3.3,04142
2A,1,8,3.8,01012
2A,1,9,4.4,01113
2A,1,10,4.8,01121
2A,1,11,5.1,01211
2A,1,12,5.4,01311
2A,1,13,6,80011
2A,1,14,6.5,80031
2A,1,15,6.8,80051
2A,1,16,7.2,80071
2A,1,17,7.7,80091
2A,1,18,8,81011
2A,1,19,8.3,81031
2A,1,20,8.8,81051
2A,1,21,9.4,82011
2A,1,22,9.6,82032
2A,1,23,10.2,82061
2A,1,24,10.8,83011
2A,1,25,11.1,83031
2A,1,26,11.5,83062
2A,1,27,12,83081
2A,1,28,12.6,84011
2A,1,29,12.9,84021
2A,1,30,13.5,84031
2A,1,31,14,84041
2A,1,32,14.6,84051
2A,1,33,14.9,84061
2A,1,34,15.4,85091
2N,1,1,0,02099
2N,1,2,0.4,02101
2N,1,3,0.8,02051
2N,1,4,1.1,02061
2N,1,5,2.1,04167
2N,1,6,2.4,04249
2N,1,7,2.8,05029
2N,1,8,3.4,04222
2N,1,9,3.7,04211
2N,1,10,4,04331
2N,1,11,4.3,13109
2N,1,12,4.6,13211
2N,1,13,5.2,06151
2N,1,14,5.7,06141
2N,1,15,6,06131
2N,1,16,6.3,13121
2N,1,17,6.7,13141
2N,1,18,7.3,13191
2N,1,19,8,09048
2N,1,20,8.6,09038
2N,1,21,9,08138
2N,1,22,9.4,08057
2N,1,23,9.9,08079
2N,1,24,10.1,07011
2N,1,25,10.5,07021
2N,1,26,10.8,07539
2N,1,27,11.2,07589
2N,1,28,11.5,01559
2N,1,29,11.7,01549
2N,1,35,20.2,83101
2N,1,36,20.5,83111
2N,1,37,21,72011
2N,1,38,21.4,72021
2N,1,39,21.9,72061
2N,1,40,22.1,72071
2N,1,41,22.6,84499
2N,1,42,23.2,84489
2N,1,43,23.6,84461
2N,1,44,24,84471
2N,1,45,24.4,84621
2N,1,46,24.8,84611
2N,1,47,25,84631
2N,1,48,25.2,84601
2N,1,49,25.6,75341
2N,1,50,26,75061
2N,1,51,26.8,75229
2N,1,52,27.3,75239
2N,1,53,27.7,75249
2N,1,54,28.2,75031
2N,1,55,28.7,75151
2N,1,56,29.1,75141
2N,1,57,29.5,75131
2N,1,58,29.8,75121
2N,1,59,30.3,76059
2N,1,60,30.6,76131
2N,1,61,31,76141
2N,1,62,31.6,76399
2N,1,63,32.1,76369
2N,1,64,32.4,76359
2N,1,65,32.8,76279
2N,1,66,33.1,76269
2N,1,67,33.4,76259
2N,1,68,34,76469
2N,1,69,34.3,76429
2N,1,70,34.7,76419
2N,1,71,34.9,76109
2N,1,72,35.4,76099
2N,1,73,35.9,76089
2N,1,74,36.4,76079
2N,1,75,37,76061
2N,1,76,37.5,76111
2N,1,77,37.8,76121
2N,1,78,38.1,75079
2N,1,79,38.5,75089
2N,1,80,38.8,75109
3,1,1,0,75009
3,1,2,0.6,76059
3,1,3,0.9,76131
3,1,4,1.3,76141
3,1,5,1.5,76151
3,1,6,1.9,76161
3,1,7,2.3,76171
3,1,8,2.7,76091
3,1,9,3.1,76101
3,1,10,3.3,76031
3,1,11,3.7,76231
3,1,12,4,76241
3,1,13,4.6,98011
3,1,14,4.9,98091
3,1,15,5.4,78211
3,1,16,5.8,78201
3,1,17,6.3,78229
3,1,18,6.8,78111
3,1,19,7.2,78101
3,1,20,7.9,77371
3,1,21,8.1,77321
3,1,22,8.4,77021
3,1,23,8.8,77011
3,1,24,9.1,77069
3,1,25,9.4,77301
3,1,26,9.6,77311
3,1,27,9.8,77161
3,1,28,9.9,77281
3,1,29,10.3,77331
3,1,30,14.4,65191
3,1,31,14.9,65071
3,1,32,15.3,65151
3,1,33,15.6,65161
3,1,34,16.1,65171
3,1,35,16.7,65231
3,1,36,17.1,65269
3,1,37,17.6,65279
3,1,38,18.1,65289
3,1,39,18.4,65229
3,1,40,18.9,65009
3,2,1,0,65009
3,2,2,0.6,65221
3,2,3,0.9,65281
3,2,4,1.4,65271
3,2,5,2,65261
3,2,6,2.5,65239
3,2,7,3.1,65179
3,2,8,3.5,65169
3,2,9,4,65159
3,2,10,4.3,65079
3,2,11,4.7,65199
3,2,12,8.7,77339
3,2,13,9.2,77289
3,2,14,9.5,77169
3,2,15,9.7,77319
3,2,16,10,77309
3,2,17,10.2,77061
3,2,18,10.4,78049
3,2,19,10.6,77019
3,2,20,11,77029
3,2,21,11.2,77329
3,2,22,11.4,77379
3,2,23,11.8,77009
3,2,24,12.6,78109
3,2,25,13.1,78119
3,2,26,13.6,78221
3,2,27,14,78209
3,2,28,14.6,78219
3,2,29,15,98099
3,2,30,15.4,98019
3,2,31,16,76249
3,2,32,16.3,76239
3,2,33,16.6,76039
3,2,34,17,76189
3,2,35,17.4,76179
3,2,36,17.8,76169
3,2,37,18.1,76159
3,2,38,18.3,76149
3,2,39,18.7,76139
3,2,40,19.1,76051
3,2,41,19.7,75009
30,1,1,0,84009
30,1,2,0.7,84029
30,1,3,1,84019
30,1,4,1.5,83099
30,1,5,1.9,83079
30,1,6,2.3,83059
30,1,7,2.5,83049
30,1,8,2.9,83029
30,1,9,3.3,82069
30,1,10,3.8,82049
30,1,11,4.2,82029
30,1,12,4.7,82099
30,1,13,4.9,82089
30,1,14,5.4,81199
30,1,15,5.7,81189
30,1,16,6.2,81179
30,1,17,6.6,80279
30,1,18,6.9,91099
30,1,19,7.4,91089
30,1,21,14.9,05649
30,1,22,15.2,14061
30,1,23,15.7,14071
30,1,24,16.1,14081
30,1,25,16.5,14101
30,1,26,17.3,14141
30,1,27,17.6,14121
30,1,28,18,14131
30,1,29,18.5,14151
30,1,30,18.9,14161
30,1,31,19.3,14171
30,1,32,20,15141
30,1,33,20.3,15151
30,1,34,20.5,15161
30,1,35,21,15191
30,1,36,21.3,15201
30,1,37,21.9,15221
30,1,38,22.2,16201
30,1,39,22.5,16011
30,1,40,23,16021
30,1,41,23.3,16031
30,1,42,23.5,16041
30,1,43,23.8,16051
30,1,44,24,16061
30,1,45,24.2,16071
30,1,46,24.5,16081
30,1,47,24.8,17011
30,1,48,25.1,17021
30,1,49,25.4,17381
30,1,50,25.7,17031
30,1,51,26,17041
30,1,52,26.5,17061
30,1,53,26.7,17071
30,1,54,27.1,20291
30,1,55,27.6,20281
30,1,56,28.2,20131
30,1,57,28.6,20141
30,1,58,28.9,20151
30,1,59,29.5,20201
30,1,60,29.7,20211
30,1,61,30.1,20231
30,1,62,30.6,20121
30,1,63,30.7,20241
30,1,64,32.4,21011
30,1,65,32.9,21021
30,1,66,33.7,21171
30,1,67,34,21551
30,1,68,34.4,21561
30,1,69,34.6,21571
30,1,70,34.8,21581
30,1,71,35.1,21591
30,1,72,35.4,21601
30,1,73,35.7,21611
30,1,74,36.2,21211
30,1,75,36.6,21681
30,1,76,36.9,21691
30,1,77,37.8,22009
30,2,1,0,22009
30,2,2,0.9,21699
30,2,3,1.1,21689
30,2,4,1.4,21229
30,2,5,1.6,21219
30,2,6,2,21619
30,2,7,2.4,21609
30,2,8,2.8,21599
30,2,9,3.1,21589
30,2,10,3.4,21579
30,2,11,3.6,21569
30,2,12,4.1,21559
30,2,13,4.3,21179
30,2,14,4.8,21029
30,2,15,5.4,21019
30,2,16,6.8,20089
30,2,17,7.8,20269
30,2,18,8,20259
30,2,19,8.3,20159
30,2,20,8.6,20149
30,2,21,9,20139
30,2,22,9.5,20289
30,2,23,10,20299
30,2,24,10.2,17079
30,2,25,10.5,17069
30,2,26,11,17049
30,2,27,11.4,17039
30,2,28,11.7,17389
30,2,29,12,17029
30,2,30,12.4,17019
30,2,31,12.7,16089
30,2,32,13,16079
30,2,33,13.3,16069
30,2,34,13.6,16059
30,2,35,13.8,16049
30,2,36,14,16039
30,2,37,14.3,16029
30,2,38,14.8,16019
30,2,39,15,16209
30,2,40,15.3,15229
30,2,41,15.5,15219
30,2,42,15.9,15209
30,2,43,16.2,15199
30,2,44,16.7,15169
30,2,45,16.9,15159
30,2,46,17.2,15149
30,2,47,17.6,14189
30,2,48,17.9,14179
30,2,49,18.3,14169
30,2,50,18.8,14159
30,2,51,19.2,14139
30,2,52,19.7,14129
30,2,53,20,14119
30,2,54,20.7,14109
30,2,55,21.1,14089
30,2,56,21.9,14069
30,2,57,22.5,05641
30,2,59,30.1,91081
30,2,60,30.6,91091
30,2,61,31.4,81171
30,2,62,31.9,81181
30,2,63,32.3,81191
30,2,64,32.7,82081
30,2,65,32.9,82091
30,2,66,33.3,82111
30,2,67,33.5,82011
30,2,68,33.8,82033
30,2,69,34.3,82061
30,2,70,34.9,83011
30,2,71,35.2,83031
30,2,72,35.6,83062
30,2,73,36.1,83081
30,2,74,36.7,84011
30,2,75,37,84021
30,2,76,37.8,84009
300,1,1,0,44009
300,1,2,0.7,44491
300,1,3,1.2,44501
300,1,4,1.5,44621
300,1,6,2.1,45451
300,1,7,2.3,44569
300,1,8,2.6,44579
300,1,9,2.9,44459
300,1,10,3.2,44521
300,1,11,3.5,44511
300,1,12,3.8,44689
300,1,13,4.1,44629
300,1,14,4.5,44509
300,1,15,4.9,44499
300,1,16,5.8,44009
301,1,1,0,44009
301,1,3,0.7,44461
301,1,4,1,44451
301,1,5,1.5,44571
301,1,6,1.7,44561
301,1,8,2.1,44689
301,1,9,2.5,44551
301,1,10,2.7,44581
301,1,11,3,44181
301,1,12,3.1,44189
301,1,13,3.3,44591
301,1,14,3.5,44089
301,1,15,3.8,44569
301,1,16,4.1,44579
301,1,17,4.4,44459
301,1,18,4.7,44469
301,1,20,5.5,44009
302,1,1,0,44009
302,1,2,0.7,45231
302,1,3,1.2,45241
302,1,4,1.5,45251
302,1,5,1.9,45311
302,1,6,2.1,45261
302,1,7,2.4,45271
302,1,8,2.9,45321
302,1,9,3.4,45389
302,1,10,3.8,45401
302,1,11,4,45411
302,1,12,4.3,45421
302,1,13,4.5,45439
302,1,14,4.7,45399
302,1,15,5.2,45329
302,1,17,5.6,45279
302,1,18,5.9,45269
302,1,19,6.2,45319
302,1,20,6.5,45259
302,1,21,6.9,45249
302,1,22,7.3,45239
302,1,23,8.1,44009
302A,1,1,0,45321
302A,1,2,0.5,45389
302A,1,3,0.9,45401
302A,1,4,1.1,45411
302A,1,5,1.4,45421
302A,1,6,1.6,45439
302A,1,7,1.8,45399
302A,1,8,2.3,45329
307,1,1,0,44009
307,1,2,0.6,44539
307,1,3,1,44541
307,1,4,1.4,45291
307,1,5,1.7,45309
307,1,6,2.1,45369
307,1,7,2.5,45379
307,1,8,2.9,45359
307,1,9,3.2,45321
307,1,10,3.5,45339
307,1,11,3.8,45349
307,1,12,4.3,45351
307,1,13,4.7,45371
307,1,14,5.1,45361
307,1,15,5.5,45301
307,1,16,5.7,45299
307,1,17,6.1,44549
307,1,18,6.6,44531
307,1,19,6.9,44461
307,1,21,7.3,44489
307,1,22,7.7,44479
307,1,23,7.8,44119
307,1,24,8.1,44299
307,1,25,8.6,44439
307,1,26,8.9,44421
307,1,27,9.1,44411
307,1,29,9.8,44291
307,1,30,10.1,44111
307,1,31,10.3,44471
307,1,32,10.7,44481
307,1,34,11.1,44469
307,1,36,11.9,44009
307A,1,1,0,44009
307A,1,2,0.6,44539
307A,1,3,1,44541
307A,1,4,1.4,45291
307A,1,5,1.7,45309
307A,1,6,2.1,45369
307A,1,7,2.5,45379
307A,1,8,2.9,45359
307A,1,9,3.2,45321
307A,1,10,3.5,45339
307A,1,11,3.8,45349
307A,1,12,4.3,45351
307A,1,13,4.7,45371
307A,1,14,5.1,45361
307A,1,15,5.5,45301
307A,1,16,5.7,45299
307A,1,17,6.1,44549
307A,1,18,6.6,44531
30e,1,1,0,84009
30e,1,2,0.7,84029
30e,1,3,1,84019
30e,1,9,3.3,82069
30e,1,14,5.4,81199
30e,1,15,5.7,81189
30e,1,16,6.2,81179
30e,1,18,6.9,91099
30e,1,19,7.4,91089
30e,1,20,17.3,14141
30e,1,21,17.6,14121
30e,1,26,20,15141
30e,1,27,20.3,15151
30e,1,28,20.5,15161
30e,1,30,21.3,15201
30e,1,33,22.5,16011
30e,1,35,23.3,16031
30e,1,38,24,16061
30e,2,1,0,16069
30e,2,4,0.7,16039
30e,2,6,1.5,16019
30e,2,10,2.6,15209
30e,2,12,3.4,15169
30e,2,13,3.6,15159
30e,2,14,3.9,15149
30e,2,20,6.4,14129
30e,2,21,6.7,14119
30e,2,27,16.8,91081
30e,2,28,17.3,91091
30e,2,29,18.1,81171
30e,2,30,18.6,81181
30e,2,31,19,81191
30e,2,37,21,82061
30e,2,42,23.4,84011
30e,2,43,23.7,84021
30e,2,44,24.5,84009
31,1,1,0,75009
31,1,2,0.6,76059
31,1,3,1.1,76069
31,1,4,2.3,96289
31,1,5,2.7,96109
31,1,6,3.2,96119
31,1,7,3.5,96019
31,1,8,3.8,85109
31,1,9,4.5,85099
31,1,10,5,84069
31,1,11,5.3,84059
31,1,12,5.8,84049
31,1,13,6.5,84039
31,1,14,6.8,84139
31,1,15,7.4,84129
31,1,16,7.9,84151
31,1,17,8.4,93131
31,1,18,8.7,93049
31,1,19,9.1,93039
31,1,20,9.4,93201
31,1,21,9.8,93029
31,1,22,10.2,93019
31,1,23,10.6,92089
31,1,24,10.9,92079
31,1,25,11.4,92069
31,1,26,11.8,92059
31,1,27,12.1,92049
31,1,28,12.9,92241
31,1,29,13.7,92161
31,1,30,14.1,82071
31,1,31,14.9,81199
31,1,32,15.2,81189
31,1,33,15.7,81179
31,1,34,16.3,80141
31,1,35,16.9,80111
31,1,36,17.3,80049
31,1,37,17.7,80101
31,1,38,18.4,60051
31,1,39,18.9,60191
31,1,40,19.3,60121
31,1,41,19.7,60141
31,1,42,20,60161
31,1,43,20.3,60181
31,1,44,20.6,60089
31,1,45,21.3,52089
31,1,46,22.3,52321
31,1,47,22.6,52501
31,1,48,23,52009
31,2,1,0,52009
31,2,2,0.5,52509
31,2,3,0.8,52329
31,2,4,1.9,52081
31,2,5,2.6,60081
31,2,6,3.2,60179
31,2,7,3.4,60159
31,2,8,3.7,60139
31,2,9,4.2,60119
31,2,10,4.9,60059
31,2,11,5.6,80109
31,2,12,5.9,80051
31,2,13,6.5,80119
31,2,14,7.1,80149
31,2,15,7.7,81171
31,2,16,8.2,81181
31,2,17,8.6,81191
31,2,18,9.1,82079
31,2,19,9.6,92169
31,2,20,10.4,92249
31,2,21,11,92041
31,2,22,11.4,92051
31,2,23,11.8,92061
31,2,24,12.3,92071
31,2,25,12.6,92081
31,2,26,13,93011
31,2,27,13.4,93021
31,2,28,13.8,93031
31,2,29,14.5,93041
31,2,30,14.8,93139
31,2,31,15.2,84159
31,2,32,15.6,84121
31,2,33,16.3,84131
31,2,34,16.8,84031
31,2,35,17.3,84041
31,2,36,17.9,84051
31,2,37,18.2,84061
31,2,38,18.7,85091
31,2,39,19.3,85101
31,2,40,19.7,96011
31,2,41,20,96111
31,2,42,20.4,96101
31,2,43,20.8,96281
31,2,44,22.1,76061
31,2,45,22.6,76051
31,2,46,23.2,75009
315,1,1,0,66009
315,1,3,0.7,66351
315,1,4,1.1,66371
315,1,5,1.4,66059
315,1,6,2.2,66111
315,1,7,2.6,66121
315,1,8,3,66271
315,1,9,3.5,66131
315,1,10,3.7,66141
315,1,11,4.3,66329
315,1,12,4.7,66319
315,1,13,5,66309
315,1,14,5.7,66421
315,1,15,6.1,66431
315,1,16,6.4,66539
315,1,17,6.6,66529
315,1,18,6.9,66509
315,1,19,7.3,66599
315,1,20,7.6,66331
315,1,21,8,66301
315,1,22,8.4,66311
315,1,23,8.8,66321
315,1,24,9.3,66149
315,1,25,9.6,66139
315,1,26,10.1,66271
315,1,27,10.6,66129
315,1,28,11.1,66119
315,1,29,11.4,66041
315,1,30,11.7,66051
315,1,31,12.1,66379
315,1,32,12.4,66359
315,1,34,13.1,66009
317,1,1,0,66009
317,1,2,0.5,62131
317,1,3,0.9,62141
317,1,4,1.3,63141
317,1,5,1.8,63361
317,1,6,2.2,63181
317,1,7,2.5,66149
317,1,8,2.8,66139
317,1,9,3.3,66271
317,1,10,3.5,66151
317,1,11,3.7,66161
317,1,12,3.9,66171
317,1,13,4.1,66181
317,1,14,4.4,66191
317,1,15,4.5,66201
317,1,16,4.8,66211
317,1,17,5,66291
317,1,18,5.3,66221
317,1,19,5.6,66231
317,1,20,5.8,66241
317,1,21,6,66251
317,1,22,6.2,66261
317,1,23,6.4,66271
317,1,24,6.9,66131
317,1,25,7.1,66141
317,1,26,7.3,63189
317,1,27,7.5,63179
317,1,28,7.9,63369
317,1,29,8.1,63149
317,1,30,8.6,62149
317,1,31,8.8,62189
317,1,33,9.5,66009
31A,1,1,0,75009
31A,1,2,0.6,76059
31A,1,3,1.1,76069
31A,1,4,2.3,96289
31A,1,5,2.7,96109
31A,1,6,3.2,96119
31A,1,7,3.5,96019
31A,1,8,3.8,85109
31A,1,9,4.5,85099
32,1,1,0,84009
32,1,2,0.7,84029
32,1,3,1,84019
32,1,4,1.5,83099
32,1,5,1.9,83079
32,1,6,2.1,83209
32,1,7,2.3,83199
32,1,8,2.4,83189
32,1,9,2.7,83179
32,1,10,2.9,93109
32,1,11,3.2,93059
32,1,12,3.5,92159
32,1,13,3.8,92149
32,1,14,4.1,92139
32,1,15,4.6,92129
32,1,16,5.1,92119
32,1,17,5.3,92109
32,1,18,5.6,92099
32,1,19,6.1,92161
32,1,20,6.5,82071
32,1,21,7.3,81199
32,1,22,7.6,81189
32,1,23,8.1,81179
32,1,24,8.7,80141
32,1,25,9.3,80111
32,1,26,9.7,80049
32,1,27,9.9,80039
32,1,28,10.4,80029
32,1,29,10.9,01339
32,1,30,11.3,01329
32,1,31,11.8,01229
32,1,32,12.2,01139
32,1,33,12.5,01039
32,1,34,12.7,01029
32,1,35,13.3,04168
32,1,36,13.7,04251
32,1,37,13.9,04211
32,1,38,14.2,04331
32,1,39,14.5,13109
32,1,40,15,13099
32,1,41,15.4,13089
32,1,42,15.8,13079
32,1,43,16.2,13069
32,1,44,16.5,13059
32,1,45,16.7,10519
32,1,46,17,10389
32,1,47,17.5,10171
32,1,48,17.8,10181
32,1,49,18,10191
32,1,50,18.3,10201
32,1,51,18.9,10321
32,1,52,19.3,10479
32,1,53,19.7,10469
32,1,54,20.2,11499
32,1,55,20.6,11489
32,1,56,20.8,11479
32,1,57,21.1,11469
32,1,58,21.7,11161
32,1,59,22.2,11171
32,1,60,22.7,11389
32,1,61,22.9,11379
32,2,1,0,11379
32,2,2,0.3,11189
32,2,3,0.5,11179
32,2,4,1.1,11169
32,2,5,1.8,11471
32,2,6,2.2,11481
32,2,7,2.4,11491
32,2,8,2.9,10461
32,2,9,3.2,10471
32,2,10,3.7,10329
32,2,11,4.3,10209
32,2,12,4.6,10199
32,2,13,4.9,10189
32,2,14,5.2,10179
32,2,15,5.6,10381
32,2,16,6.1,13051
32,2,17,6.4,13062
32,2,18,6.9,13071
32,2,19,7.3,13081
32,2,20,7.7,13091
32,2,21,8.1,13101
32,2,22,8.4,04339
32,2,23,8.7,04219
32,2,24,9.2,04142
32,2,25,9.7,01012
32,2,26,10.3,01113
32,2,27,10.7,01121
32,2,28,11,01211
32,2,29,11.3,01311
32,2,30,11.9,80011
32,2,31,12.4,80031
32,2,32,12.7,80051
32,2,33,13.3,80119
32,2,34,13.9,80149
32,2,35,14.5,81171
32,2,36,15,81181
32,2,37,15.4,81191
32,2,38,15.9,82079
32,2,39,16.4,92169
32,2,40,16.9,92091
32,2,41,17.2,92101
32,2,42,17.4,92111
32,2,43,17.9,92121
32,2,44,18.4,92131
32,2,45,18.8,92141
32,2,46,19,92151
32,2,47,19.3,93051
32,2,48,19.7,93101
32,2,49,20,83171
32,2,50,20.3,83181
32,2,51,20.5,83191
32,2,52,20.7,83201
32,2,53,21.1,83063
32,2,54,21.4,83081
32,2,55,22,84011
32,2,56,22.3,84021
32,2,57,23.1,84009
324,1,1,0,64009
324,1,2,0.7,64041
324,1,3,1.1,64051
324,1,4,1.6,62271
324,1,5,1.8,62251
324,1,6,2.5,62261
324,1,7,3.2,64059
324,1,8,3.5,64049
324,1,9,4.2,64009
325,1,1,0,64009
325,1,2,0.7,64019
325,1,4,1.4,63349
325,1,5,1.9,63359
325,1,6,2.2,64399
325,1,7,2.6,64389
325,1,8,3.1,64421
325,1,9,3.5,64039
325,1,10,3.8,64369
325,1,11,4.3,64431
325,1,12,4.6,64441
325,1,13,4.9,64461
325,1,14,5.2,66499
325,1,15,5.7,66489
325,1,16,6.2,64119
325,1,17,6.6,64491
325,1,18,6.8,64081
325,1,19,7.1,64091
325,1,20,7.4,66491
325,1,21,7.7,64469
325,1,22,8.1,64449
325,1,23,8.3,64439
325,1,24,8.6,64361
325,1,25,9,64031
325,1,26,9.5,64429
325,1,27,10,64381
325,1,28,10.3,64391
325,1,29,10.6,63351
325,1,30,11,63341
325,1,31,11.4,63061
325,1,32,11.6,64011
325,1,33,12.3,64009
329,1,1,0,64009
329,1,2,0.3,64551
329,1,3,0.5,64529
329,1,4,0.8,64339
329,1,5,1.1,64411
329,1,6,1.4,64479
329,1,7,1.9,64081
329,1,8,2.2,64091
329,1,9,2.5,66541
329,1,10,2.9,66589
329,1,11,3.2,66579
329,1,12,3.7,66569
329,1,13,3.9,66559
329,1,14,4.1,66549
329,1,15,4.4,64099
329,1,16,4.7,64089
329,1,17,4.9,64481
329,1,18,5.2,64471
329,1,19,5.6,64419
329,1,20,6,64331
329,1,21,6.3,64521
329,1,22,6.5,64559
329,1,23,6.8,64009
33,1,1,0,84009
33,1,2,0.7,84029
33,1,3,1,84019
33,1,4,1.5,83099
33,1,5,1.9,83079
33,1,6,2.3,83059
33,1,7,2.5,83049
33,1,8,2.8,83149
33,1,9,3.1,83159
33,1,10,3.4,83169
33,1,11,3.7,82179
33,1,12,4.2,82159
33,1,13,4.5,82149
33,1,14,4.9,82139
33,1,15,5.2,82129
33,1,16,5.9,81199
33,1,17,6.2,81189
33,1,18,6.7,81179
33,1,19,7.3,80141
33,1,20,7.9,80111
33,1,21,8.3,80049
33,1,22,8.5,80039
33,1,23,9,80029
33,1,24,9.5,01319
33,1,25,9.9,01219
33,1,26,10.2,01129
33,1,27,10.6,01059
33,1,28,10.8,01119
33,1,29,11.2,01019
33,1,30,11.5,04159
33,1,31,11.8,04149
33,1,32,12.1,04229
33,1,33,12.3,04239
33,1,34,12.6,05059
33,1,35,12.8,05049
33,1,36,13.2,05039
33,1,37,13.5,05019
33,1,38,14,06011
33,1,39,14.6,06051
33,1,40,14.9,10141
33,1,41,15.3,10151
33,1,42,15.5,10161
33,1,43,15.9,10171
33,1,44,16.2,10181
33,1,45,16.4,10191
33,1,46,16.7,10201
33,1,47,17.1,10281
33,1,48,17.5,10291
33,1,49,17.8,11539
33,1,50,18.1,11529
33,1,51,18.4,11519
33,1,52,19.9,18041
33,1,53,20.1,18131
33,1,54,20.9,18101
33,1,55,21.5,18121
33,1,56,21.8,18119
33,1,57,22.3,19089
33,1,58,22.6,19079
33,1,59,23,19069
33,1,60,23.4,19059
33,1,61,23.7,17099
33,1,62,24.5,16159
33,1,63,24.8,16149
33,1,64,25.2,16009
33,2,1,0,16009
33,2,2,0.2,16131
33,2,3,0.5,16141
33,2,4,0.8,16151
33,2,5,2.1,19051
33,2,6,2.6,19061
33,2,7,3.2,19071
33,2,8,3.5,19081
33,2,9,3.8,18111
33,2,10,4.2,18129
33,2,11,4.6,18109
33,2,12,5.3,18049
33,2,13,6.8,11511
33,2,14,7.2,11521
33,2,15,7.6,11531
33,2,16,8.1,10299
33,2,17,8.9,10209
33,2,18,9.2,10199
33,2,19,9.5,10189
33,2,20,9.8,10179
33,2,21,10.3,10169
33,2,22,10.9,10149
33,2,23,11.3,06049
33,2,24,11.8,06029
33,2,25,12.6,05013
33,2,26,13,05023
33,2,27,13.3,04222
33,2,28,13.8,04142
33,2,29,14.3,01012
33,2,30,14.9,01113
33,2,31,15.3,01121
33,2,32,15.6,01211
33,2,33,15.9,01311
33,2,34,16.5,80011
33,2,35,17,80031
33,2,36,17.3,80051
33,2,37,17.9,80119
33,2,38,18.5,80149
33,2,39,19.1,81171
33,2,40,19.6,81181
33,2,41,20,81191
33,2,42,20.6,82121
33,2,43,21,82131
33,2,44,21.3,82141
33,2,45,21.6,82151
33,2,46,21.9,82171
33,2,47,22.2,82181
33,2,48,22.5,83151
33,2,49,22.7,83131
33,2,50,22.9,83141
33,2,51,23.4,83031
33,2,52,23.8,83062
33,2,53,24.3,83081
33,2,54,24.9,84011
33,2,55,25.2,84021
33,2,56,26,84009
333,1,1,0,28009
333,1,2,0.3,28301
333,1,3,0.6,28431
333,1,4,0.9,28249
333,1,5,1.4,28239
333,1,6,2.4,28659
333,1,7,3.1,28649
333,1,8,3.4,28639
333,1,9,3.8,28321
333,1,10,4.2,28331
333,1,11,4.7,28451
333,1,12,5.1,28461
333,1,13,5.4,28471
333,1,14,5.7,28481
333,1,15,6,28459
333,1,16,6.4,28339
333,1,17,6.8,28329
333,1,18,7.2,28631
333,1,19,7.5,28641
333,1,20,8.1,28651
333,1,21,9.2,28231
333,1,22,9.6,28241
333,1,23,10,28439
333,1,24,10.5,28009
334,1,1,0,28009
334,1,2,0.5,28441
334,1,3,0.8,28071
334,1,4,1.1,28081
334,1,5,1.5,28281
334,1,6,1.8,28451
334,1,7,2.2,28461
334,1,8,2.7,28491
334,1,9,3.1,28501
334,1,10,3.5,28511
334,1,11,3.8,28521
334,1,12,4.1,28401
334,1,13,4.5,28541
334,1,14,4.9,28551
334,1,15,5.1,28561
334,1,16,5.4,28571
334,1,17,5.8,28509
334,1,18,6.3,28499
334,1,19,6.7,28469
334,1,20,7.1,28459
334,1,21,7.5,28289
334,1,22,7.8,28089
334,1,23,8.1,28079
334,1,24,8.5,28449
334,1,25,9,28009
335,1,1,0,28009
335,1,2,0.3,28301
335,1,3,0.6,28431
335,1,4,0.9,28251
335,1,5,1.2,28261
335,1,6,1.6,28271
335,1,7,2.1,28341
335,1,8,2.3,28351
335,1,9,2.7,28361
335,1,10,3.1,28371
335,1,11,3.5,28381
335,1,12,3.8,28421
335,1,13,4.1,28411
335,1,14,4.5,28409
335,1,15,4.8,28529
335,1,16,5.3,28519
335,1,17,5.5,28581
335,1,18,5.8,28591
335,1,19,6.1,28601
335,1,20,6.5,28611
335,1,21,6.9,28389
335,1,22,7.3,28379
335,1,23,7.7,28369
335,1,24,8.1,28359
335,1,25,8.4,28349
335,1,26,8.8,28279
335,1,27,9.1,28269
335,1,28,9.5,28259
335,1,29,9.7,28439
335,1,30,10.2,28009
33A,1,1,0,16009
33A,1,2,0.2,16131
33A,1,3,0.5,16141
33A,1,4,0.8,16151
33A,1,5,2.1,19051
33A,1,6,2.6,19061
33A,1,7,3.2,19071
33A,1,8,3.5,19081
33A,1,9,3.8,18111
33A,1,10,4.2,18129
33A,1,11,4.6,18109
33A,1,12,5.3,18049
33A,1,13,6.8,11511
33A,1,14,7.2,11521
33A,1,15,7.6,11531
33A,1,16,8.1,10299
33A,1,17,8.9,10209
33A,1,18,9.2,10199
33A,1,19,9.5,10189
33A,1,20,9.8,10179
33A,1,21,10.3,10169
33A,1,22,10.9,10149
33B,1,1,0,84009
33B,1,2,0.7,84029
33B,1,3,1,84019
33B,1,4,1.5,83099
33B,1,5,1.9,83079
33B,1,6,2.3,83059
33B,1,7,2.5,83049
33B,1,8,2.8,83149
33B,1,9,3.1,83159
33B,1,10,3.4,83169
33B,1,11,3.7,82179
33B,1,12,4.2,82159
33B,1,13,4.5,82149
33B,1,14,4.9,82139
33B,1,15,5.2,82129
33B,1,16,5.9,81199
33B,1,17,6.2,81189
33B,1,18,6.7,81179
34,1,1,0,65009
34,1,2,0.6,65221
34,1,3,1,65089
34,1,4,1.3,65079
34,1,5,1.7,65199
34,1,6,5.7,75359
34,1,7,6.1,75369
34,1,8,6.5,75319
34,1,9,7,75299
34,1,10,7.3,75379
34,1,11,7.6,75171
34,1,12,7.9,75141
34,1,13,8.3,75131
34,1,14,8.6,75121
34,1,15,9.1,76059
34,1,16,9.6,76069
34,1,17,10.1,76071
34,1,18,10.6,76081
34,1,19,11,76091
34,1,20,11.4,76101
34,1,21,11.6,76031
34,1,22,12,76231
34,1,23,12.3,76241
34,1,25,16.6,95151
34,1,26,17.1,95011
34,1,27,18.5,95109
34,1,28,19.3,95029
34,1,29,20.1,95129
34,1,30,21.2,95019
34,1,31,22.7,95209
34,1,32,24.1,95159
34,1,34,28.5,76249
34,1,35,28.8,76239
34,1,36,29.1,76039
34,1,37,29.4,76109
34,1,38,29.8,76099
34,1,39,30.2,76089
34,1,40,30.6,76079
34,1,41,31.2,76061
34,1,42,31.7,76051
34,1,43,32.2,75129
34,1,44,32.6,75139
34,1,45,32.9,75149
34,1,46,33.2,75179
34,1,47,33.5,75371
34,1,48,33.8,75291
34,1,49,34.4,75311
34,1,50,34.8,75361
34,1,51,35.1,75351
34,1,52,39.1,65191
34,1,53,39.6,65071
34,1,54,39.9,65081
34,1,55,40.2,65229
34,1,56,40.7,65009
34A,1,1,0,65009
34A,1,2,0.6,65221
34A,1,3,1,65089
34A,1,4,1.3,65079
34A,1,5,1.7,65199
34A,1,6,5.7,75359
34A,1,7,6.1,75369
34A,1,8,6.5,75319
34A,1,9,7,75299
34A,1,10,7.3,75379
34A,1,11,7.6,75171
34A,1,12,7.9,75141
34A,1,13,8.3,75131
34A,1,14,8.6,75121
34A,1,15,9.1,76059
34B,1,1,0,75359
34B,1,2,0.4,75369
34B,1,3,0.8,75319
34B,1,4,1.3,75299
34B,1,5,1.6,75379
34B,1,6,1.9,75171
34B,1,7,2.2,75141
34B,1,8,2.6,75131
34B,1,9,2.9,75121
34B,1,10,3.4,76059
34B,1,11,3.9,76069
34B,1,12,4.4,76071
34B,1,13,4.9,76081
34B,1,14,5.3,76091
34B,1,15,5.7,76101
34B,1,16,5.9,76031
34B,1,17,6.3,76231
34B,1,18,6.6,76241
34B,1,20,10.9,95151
34B,1,21,11.4,95011
34B,1,22,12.8,95109
34B,1,23,13.6,95029
34B,1,24,14.4,95129
34B,1,25,15.5,95019
34B,1,26,17,95209
34B,1,27,18.4,95159
34B,1,29,22.8,76249
34B,1,30,23.1,76239
34B,1,31,23.4,76039
34B,1,32,23.7,76109
34B,1,33,24.1,76099
34B,1,34,24.5,76089
34B,1,35,24.9,76079
34B,1,36,25.5,76061
34B,1,37,26,76051
34B,1,38,26.5,75129
34B,1,39,26.9,75139
34B,1,40,27.2,75149
34B,1,41,27.5,75179
34B,1,42,27.8,75371
34B,1,43,28.1,75291
34B,1,44,28.7,75311
34B,1,45,29.1,75361
34B,1,46,29.4,75351
35,1,1,0,84009
35,1,2,0.7,84031
35,1,3,1.2,84041
35,1,4,1.8,84051
35,1,5,2.1,84061
35,1,6,2.6,85091
35,1,9,4.1,96229
35,1,10,4.5,96239
35,1,11,5,96249
35,1,12,8.8,96219
35,1,13,9.9,96421
35,1,14,12.2,96431
35,1,15,20.4,95161
35,1,16,21,95171
35,1,17,21.3,95181
35,1,18,21.7,95191
35,1,19,22.1,95189
35,1,20,22.4,95179
35,1,21,23,95169
35,1,22,31.2,96439
35,1,23,33.7,96429
35,1,24,34.7,96219
35,1,25,38.4,96241
35,1,26,38.8,96271
35,1,27,39.1,96231
35,1,28,39.4,96221
35,1,31,40.8,85099
35,1,32,41.3,84069
35,1,33,41.6,84059
35,1,34,42.1,84049
35,1,35,42.8,84039
35,1,36,43.5,84009
354,1,1,0,77009
354,1,2,0.8,78109
354,1,3,1.4,78099
354,1,4,1.7,78251
354,1,5,1.9,78261
354,1,6,2.2,78271
354,1,7,2.4,78279
354,1,8,2.8,78269
354,1,9,3,78259
354,1,10,3.5,78091
354,1,11,3.9,78101
354,1,12,4.5,77009
358,1,1,0,77009
358,1,2,0.7,77191
358,1,3,1.1,77201
358,1,4,1.4,77211
358,1,5,1.9,77221
358,1,6,2.2,77239
358,1,7,2.5,77249
358,1,8,2.8,77181
358,1,9,3.1,77071
358,1,10,3.4,77209
358,1,11,3.8,77199
358,1,12,4.5,77009
358,1,13,5.3,78109
358,1,14,5.7,78081
358,1,15,6.1,78071
358,1,16,6.3,78069
358,1,17,6.6,78169
358,1,18,7,78159
358,1,19,7.2,78231
358,1,20,7.6,78241
358,1,21,7.9,78089
358,1,22,8.3,78101
358,1,23,8.9,77009
359,1,1,0,77009
359,1,2,0.7,77191
359,1,3,1.1,77201
359,1,4,1.4,77211
359,1,5,1.9,77251
359,1,6,2.3,77261
359,1,7,2.6,77271
359,1,8,2.9,77289
359,1,9,3.2,77169
359,1,10,3.4,77291
359,1,11,3.9,77279
359,1,12,4.2,77269
359,1,13,4.6,77259
359,1,14,5,77219
359,1,15,5.4,77209
359,1,16,5.8,77199
359,1,17,6.5,77009
359,1,18,7.2,77179
359,1,19,7.6,77349
359,1,20,7.9,77359
359,1,21,8.2,77369
359,1,22,8.6,77059
359,1,23,8.9,78171
359,1,24,9.4,78181
359,1,25,9.8,78191
359,1,26,10,78051
359,1,27,10.4,78061
359,1,28,10.8,77051
359,1,29,11.3,77361
359,1,30,11.5,77351
359,1,31,11.8,77341
359,1,32,12.2,77171
359,1,33,12.7,77009
35M,1,1,0,84009
35M,1,2,0.7,84031
35M,1,3,1.2,84041
35M,1,4,1.8,84051
35M,1,5,2.1,84061
35M,1,6,2.6,85091
35M,1,9,4.1,96229
35M,1,10,4.5,96239
35M,1,11,5,96249
35M,1,12,8.8,96219
35M,1,13,12.5,96241
35M,1,14,12.9,96271
35M,1,15,13.2,96231
35M,1,16,13.5,96221
35M,1,19,14.9,85099
35M,1,20,15.4,84069
35M,1,21,15.7,84059
35M,1,22,16.2,84049
35M,1,23,16.9,84039
35M,1,24,17.6,84009
36,1,1,0,95129
36,1,2,1.1,95019
36,1,3,2.6,95209
36,1,4,7.9,94099
36,1,5,10.6,93049
36,1,6,11,93039
36,1,7,11.3,93201
36,1,8,11.7,93029
36,1,9,12.1,93019
36,1,10,12.5,92089
36,1,11,12.8,92079
36,1,12,13.3,92069
36,1,13,13.7,92059
36,1,14,14,92049
36,1,15,14.8,92241
36,1,16,15.1,92099
36,1,17,15.4,82059
36,1,19,20.6,02149
36,1,20,20.9,02159
36,1,21,21.2,02089
36,1,22,21.4,02171
36,1,23,21.8,02051
36,1,24,22.1,02061
36,1,25,22.8,04111
36,1,26,23.2,04121
36,1,27,23.5,08041
36,1,28,23.8,08031
36,1,29,24.3,08111
36,1,30,24.6,08121
36,1,31,24.9,09059
36,1,32,25.4,09022
36,1,33,25.9,09111
36,1,34,26.4,09191
36,1,35,26.5,09159
36,1,36,26.8,09169
36,1,37,27.1,09179
36,1,38,27.4,09047
36,1,39,27.9,09037
36,1,40,28.6,08138
36,1,41,29,08057
36,1,42,29.5,08069
36,1,43,29.8,04179
36,1,44,30.2,02049
36,1,45,30.8,02151
36,1,46,31.5,02161
36,1,50,37.2,82051
36,1,52,37.9,92249
36,1,53,38.5,92041
36,1,54,38.9,92051
36,1,55,39.3,92061
36,1,56,39.8,92071
36,1,57,40.1,92081
36,1,58,40.5,93011
36,1,59,40.9,93021
36,1,60,41.2,93199
36,1,61,41.5,93149
36,1,63,49.2,95151
36,1,64,49.7,95011
36,1,65,51.1,95109
36,1,66,51.9,95029
36,1,67,52.7,95129
36A,1,1,0,95129
36A,1,2,1.1,95019
36A,1,3,7.1,94099
36A,1,4,9.8,93049
36A,1,5,10.2,93039
36A,1,6,10.5,93201
36A,1,7,10.9,93029
36A,1,8,11.3,93019
36A,1,9,11.7,92089
36A,1,10,12,92079
36A,1,11,12.5,92069
36A,1,12,12.9,92059
36A,1,13,13.2,92049
36A,1,14,14,92241
36A,1,15,14.3,92099
36A,1,16,14.6,82059
36A,1,18,19.8,02149
36A,1,19,20.1,02159
36A,1,20,20.4,02089
36A,1,21,20.6,02171
36A,1,22,21,02051
36A,1,23,21.3,02061
36A,1,24,22,04111
36A,1,25,22.4,04121
36A,1,26,22.7,08041
36A,1,27,23,08031
36A,1,28,23.5,08111
36A,1,29,23.8,08121
36A,1,30,24.1,09059
36A,1,31,24.6,09022
36A,1,32,25.1,09111
36A,1,33,25.6,09191
36B,1,1,9.8,93049
36B,1,2,10.2,93039
36B,1,3,10.5,93201
36B,1,4,10.9,93029
36B,1,5,11.3,93019
36B,1,6,11.7,92089
36B,1,7,12,92079
36B,1,8,12.5,92069
36B,1,9,12.9,92059
36B,1,10,13.2,92049
36B,1,11,14,92241
36B,1,12,14.3,92099
36B,1,13,14.6,82059
36B,1,15,19.8,02149
36B,1,16,20.1,02159
36B,1,17,20.4,02089
36B,1,18,20.6,02171
36B,1,19,21,02051
36B,1,20,21.3,02061
36B,1,21,22,04111
36B,1,22,22.4,04121
36B,1,23,22.7,08041
36B,1,24,23,08031
36B,1,25,23.5,08111
36B,1,26,23.8,08121
36B,1,27,24.1,09059
36B,1,28,24.6,09022
36B,1,29,25.1,09111
36B,1,30,25.6,09191
36B,1,31,25.7,09159
36B,1,32,26,09169
36B,1,33,26.3,09179
36B,1,34,26.6,09047
36B,1,35,27.1,09037
36B,1,36,27.8,08138
36B,1,37,28.2,08057
36B,1,38,28.7,08069
36B,1,39,29,04179
36B,1,40,29.4,02049
36B,1,41,30,02151
36B,1,42,30.7,02161
36B,1,46,36.4,82051
36B,1,48,37.1,92249
36B,1,49,37.7,92041
36B,1,50,38.1,92051
36B,1,51,38.5,92061
36B,1,52,39,92071
36B,1,53,39.3,92081
36B,1,54,39.7,93011
36B,1,55,40.1,93021
36B,1,56,40.4,93199
37,1,1,0,75009
37,1,2,0.5,76191
37,1,3,0.9,76201
37,1,4,1.2,76211
37,1,5,1.5,76221
37,1,6,1.9,76231
37,1,7,2.2,76241
37,1,8,3.5,97011
37,1,9,3.8,97141
37,1,10,4.2,97151
37,1,11,4.6,97161
37,1,12,5,97171
37,1,13,5.4,97181
37,1,14,5.8,97189
37,1,15,6,97179
37,1,16,6.4,97169
37,1,17,7,97159
37,1,18,7.2,97149
37,1,19,7.6,97019
37,1,20,8.8,76249
37,1,21,9.1,76239
37,1,22,9.5,76229
37,1,23,9.8,76219
37,1,24,10.2,76209
37,1,25,10.5,76199
37,1,26,10.8,75009
371,1,1,0,67009
371,1,2,0.4,67189
371,1,3,0.8,67249
371,1,4,1.1,67259
371,1,5,1.6,67231
371,1,6,2,67221
371,1,7,2.5,67661
371,1,8,3,67671
371,1,9,3.5,67239
371,1,10,4,67251
371,1,11,4.3,67241
371,1,12,4.7,67009
372,1,1,0,67009
372,1,2,0.2,67409
372,1,3,0.7,67399
372,1,4,1,67389
372,1,5,1.4,67371
372,1,6,1.8,67361
372,1,7,2.1,67351
372,1,8,2.6,67341
372,1,9,3.1,67171
372,1,10,3.6,65031
372,1,11,3.9,65041
372,1,12,4.2,67109
372,1,13,4.5,67181
372,1,14,4.7,67191
372,1,15,5,67349
372,1,16,5.6,67359
372,1,17,5.8,67369
372,1,18,6.2,67379
372,1,19,6.5,67381
372,1,20,6.8,67391
372,1,21,7.2,67441
372,1,22,7.9,67009
374,1,1,0,67759
374,1,2,0.4,67409
374,1,3,0.8,67419
374,1,4,1.3,67649
374,1,5,1.8,67699
374,1,6,2.3,67769
374,1,7,2.6,67549
374,1,8,3.2,67559
374,1,9,3.9,67701
374,1,10,4.3,67741
374,1,11,4.6,67561
374,1,12,5,67551
374,1,13,5.7,67541
374,1,14,5.9,67761
374,1,15,6.4,67691
374,1,16,7,67641
374,1,17,7.5,67411
374,1,18,7.8,67441
374,1,19,8.6,67759
38,1,1,0,75009
38,1,2,0.5,76191
38,1,3,0.9,76201
38,1,4,1.2,76211
38,1,5,1.5,76221
38,1,6,1.8,76039
38,1,7,2.1,76109
38,1,8,2.8,96129
38,1,9,3.1,96139
38,1,10,3.5,96149
38,1,11,3.9,96159
38,1,12,4.2,96169
38,1,13,4.6,96171
38,1,14,4.9,96291
38,1,15,5.2,96209
38,1,16,5.5,95909
38,1,17,5.9,96039
38,1,18,6.2,96029
38,1,19,6.6,96019
38,1,20,6.9,85109
38,1,21,7.6,85099
38,1,22,8.2,84101
38,1,23,8.6,84071
38,1,24,8.9,84081
38,1,25,9.2,84141
38,1,26,9.6,84111
38,1,27,10.1,84121
38,1,28,10.8,84131
38,1,29,11.6,84009
38,2,1,0,84009
38,2,2,0.7,84139
38,2,3,1.3,84129
38,2,4,1.7,84119
38,2,5,2.1,84149
38,2,6,2.3,84089
38,2,7,2.6,84079
38,2,8,3,84109
38,2,9,3.6,85091
38,2,10,4.2,85101
38,2,11,4.6,96011
38,2,12,5.1,96021
38,2,13,5.3,96031
38,2,14,5.7,95901
38,2,15,6,96201
38,2,16,6.4,96299
38,2,17,6.6,96179
38,2,18,6.9,96161
38,2,19,7.2,96151
38,2,20,7.5,96141
38,2,21,7.8,96131
38,2,22,8.2,96121
38,2,23,9,76101
38,2,24,9.2,76031
38,2,25,9.5,76229
38,2,26,9.8,76219
38,2,27,10.2,76209
38,2,28,10.5,76199
38,2,29,10.8,75009
381,1,1,0,65009
381,1,2,0.6,65341
381,1,3,0.9,65331
381,1,4,1.3,65149
381,1,5,1.6,65401
381,1,6,2.1,65251
381,1,7,2.3,65221
381,1,8,2.6,65281
381,1,9,2.9,65249
381,1,10,3.3,65161
381,1,11,3.8,65171
381,1,12,4.4,65231
381,1,13,4.7,65181
381,1,14,5,65561
381,1,15,5.5,65569
381,1,16,5.7,65189
381,1,17,6.1,65239
381,1,18,6.7,65179
381,1,19,7.1,65169
381,1,20,7.5,65241
381,1,21,7.9,65289
381,1,22,8.2,65229
381,1,23,8.7,65259
381,1,24,9,65409
381,1,25,9.4,65141
381,1,26,9.7,65339
381,1,27,10,65349
381,1,28,10.5,65009
382,1,1,0,65009
382,1,2,0.6,65341
382,1,3,0.9,65331
382,1,4,1.2,65571
382,1,5,1.5,65551
382,1,6,1.8,65541
382,1,7,2.2,65531
382,1,8,2.6,65491
382,1,9,3,65441
382,1,10,3.3,65451
382,1,11,3.8,65461
382,1,12,4.5,65481
382,1,13,4.8,65351
382,1,14,5.3,65009
382,2,1,0,65009
382,2,2,0.6,65359
382,2,3,0.9,65489
382,2,4,1.7,65469
382,2,5,2.2,65459
382,2,6,2.5,65449
382,2,7,2.9,65499
382,2,8,3.3,65539
382,2,9,3.7,65549
382,2,10,3.9,65559
382,2,11,4.3,65579
382,2,12,4.5,65339
382,2,13,4.8,65349
382,2,14,5.3,65009
382A,1,1,0,65009
382A,1,2,0.6,65341
382A,1,3,0.9,65331
382A,1,4,1.2,65571
382A,1,5,1.5,65551
382A,1,6,1.8,65541
382A,1,7,2.2,65531
382G,1,1,0,65009
382G,1,2,0.6,65341
382G,1,3,0.9,65331
382G,1,4,1.2,65571
382G,1,5,1.5,65551
382G,1,6,1.8,65541
382G,1,7,2.2,65531
382G,1,8,2.6,65491
382G,1,9,3,65441
382G,1,10,3.3,65451
382G,1,11,3.5,65671
382G,1,12,3.8,65461
382G,1,13,4.5,65481
382G,1,14,4.8,65351
382G,1,15,5.3,65009
382W,1,1,0,65009
382W,1,2,0.6,65359
382W,1,3,0.9,65489
382W,1,4,1.7,65469
382W,1,5,1.9,65679
382W,1,6,2.1,65459
382W,1,7,2.5,65449
382W,1,8,2.9,65499
382W,1,9,3.3,65539
382W,1,10,3.7,65549
382W,1,11,3.9,65559
382W,1,12,4.3,65579
382W,1,13,4.5,65339
382W,1,14,4.8,65349
382W,1,15,5.3,65009
386,1,1,0,65009
386,1,2,0.6,65221
386,1,3,0.9,65281
386,1,4,1.2,65381
386,1,5,1.7,65391
386,1,6,2.3,65319
386,1,7,2.9,65371
386,1,8,3.5,65419
386,1,9,3.9,65429
386,1,10,4.2,65171
386,1,11,4.8,65231
386,1,12,5.2,65269
386,1,13,5.7,65411
386,1,14,6.3,65379
386,1,15,6.8,65311
386,1,16,7.6,65399
386,1,17,8.1,65389
386,1,18,8.5,65289
386,1,19,8.8,65229
386,1,20,9.3,65009
386A,1,1,0,65009
386A,1,2,0.6,65221
386A,1,3,0.9,65281
386A,1,4,1.2,65381
386A,1,5,1.7,65391
386A,1,6,2.3,65319
386A,1,7,2.9,65371
39,1,1,0,75019
39,1,2,0.6,76059
39,1,3,1.1,76069
39,1,4,1.6,76071
39,1,5,2.1,76081
39,1,6,2.5,76091
39,1,7,2.9,76101
39,1,8,3.1,76031
39,1,9,3.5,76231
39,1,10,3.8,76241
39,1,11,4.4,98011
39,1,12,4.7,98091
39,1,13,5.1,78051
39,1,14,5.5,78061
39,1,15,5.9,77051
39,1,16,6.3,77041
39,1,17,6.7,77031
39,1,18,7,77021
39,1,19,7.4,77011
39,1,20,7.7,77241
39,1,21,8,77231
39,1,22,8.3,77281
39,1,23,8.7,77331
39,1,24,12.8,65191
39,1,25,17,68119
39,1,26,22.5,55281
39,1,27,23,59011
39,1,28,23.9,59021
39,1,29,24.3,59031
39,1,30,24.7,59041
39,1,31,25.1,59051
39,1,32,25.7,58991
39,1,33,26.2,59009
39,2,1,0,59009
39,2,2,0.2,59069
39,2,3,0.9,59059
39,2,4,1.4,59049
39,2,5,1.8,59039
39,2,6,2.5,59029
39,2,7,3.2,59019
39,2,8,3.7,55289
39,2,9,8.9,68111
39,2,10,12.9,65199
39,2,11,16.9,77339
39,2,12,17.4,77289
39,2,13,17.7,77239
39,2,14,18,77249
39,2,15,18.3,78049
39,2,16,18.5,77019
39,2,17,18.9,77029
39,2,18,19.3,77039
39,2,19,19.7,77049
39,2,20,20.1,77059
39,2,21,20.4,78069
39,2,22,20.8,78059
39,2,23,21.2,98099
39,2,24,21.6,98019
39,2,25,22.2,76249
39,2,26,22.5,76239
39,2,27,22.8,76039
39,2,28,23.1,76109
39,2,29,23.5,76099
39,2,30,23.9,76089
39,2,31,24.3,76079
39,2,32,24.9,76061
39,2,33,25.4,76051
39,2,34,26.2,75019
3A,1,1,0,75009
3A,1,2,0.6,76059
3A,1,3,0.9,76131
3A,1,4,1.3,76141
3A,1,5,1.5,76151
3A,1,6,1.9,76161
3A,1,7,2.3,76171
3A,1,8,2.7,76091
3A,1,9,3.1,76101
3A,1,10,3.7,76231
3A,1,11,4,76241
3A,1,12,4.6,98011
3A,1,13,5,98091
3A,1,14,5.5,78211
3A,1,15,5.9,78201
3A,1,16,6.4,78229
3A,1,17,6.9,78111
3A,1,18,7.3,78101
3A,1,19,8,77371
3A,1,20,8.2,77321
3A,1,21,8.5,77021
3A,1,22,8.9,77011
3A,1,23,9.2,77069
3A,1,24,9.5,77301
3A,1,25,9.7,77311
3A,1,26,9.9,77161
3A,1,27,10,77281
3A,1,28,10.4,77331
3B,1,1,9.2,77289
3B,1,2,9.5,77169
3B,1,3,9.7,77319
3B,1,4,10,77309
3B,1,5,10.2,77061
3B,1,6,10.4,78049
3B,1,7,10.6,77019
3B,1,8,11,77029
3B,1,9,11.2,77329
3B,1,10,11.4,77379
3B,1,11,11.8,77009
3N,1,1,0,02099
3N,1,2,0.4,02101
3N,1,3,0.8,02051
3N,1,4,1.1,02061
3N,1,5,2.1,04167
3N,1,6,2.4,04249
3N,1,7,2.8,05029
3N,1,8,3.4,04222
3N,1,9,3.7,04211
3N,1,10,4,04331
3N,1,11,4.3,13109
3N,1,12,4.6,13211
3N,1,13,5.2,06151
3N,1,14,5.7,06141
3N,1,15,6,06131
3N,1,16,6.3,13121
3N,1,17,6.7,13141
3N,1,18,7.3,13191
3N,1,19,8,09048
3N,1,20,8.6,09038
3N,1,21,9,08138
3N,1,22,9.4,08057
3N,1,23,9.9,08079
3N,1,24,10.1,07011
3N,1,25,10.5,07021
3N,1,26,11,40011
3N,1,37,22,42151
3N,1,38,22.3,42161
3N,1,39,22.7,42171
3N,1,40,23,42181
3N,1,41,23.4,42191
3N,1,42,23.7,43201
3N,1,43,24.3,43191
3N,1,44,24.7,43181
3N,1,45,25.1,43171
3N,1,46,25.7,43419
3N,1,47,26.3,43469
3N,1,48,26.7,43601
3N,1,49,27.1,43571
3N,1,50,27.5,43581
3N,1,51,28.1,43521
3N,1,54,29.7,44129
3N,1,55,30.1,44449
3N,1,56,30.5,44459
3N,1,57,30.8,44521
3N,1,58,31.1,44511
3N,1,59,31.4,44689
3N,1,60,31.7,44629
3N,1,61,32.1,44509
3N,1,62,32.5,44499
3N,1,63,32.8,45231
3N,1,64,33.3,45241
3N,1,65,33.6,45251
3N,1,66,34,45311
3N,1,67,34.2,45261
3N,1,68,34.5,45271
3N,1,69,35,45321
3N,1,70,35.5,45389
3N,1,71,35.9,45401
3N,1,72,36.1,45411
3N,1,73,36.4,45421
3N,1,74,36.6,45439
3N,1,75,36.8,45399
3N,1,76,37.3,45329
3N,1,77,37.6,45351
3N,1,78,38,45371
3N,1,79,38.4,45361
3N,1,80,38.8,45301
4,1,1,0,75009
4,1,2,0.5,76191
4,1,3,0.9,76201
4,1,4,1.2,76211
4,1,5,1.5,76221
4,1,6,1.9,76231
4,1,7,2.2,76241
4,1,8,3,98301
4,1,9,3.4,98311
4,1,10,3.6,97049
4,1,11,3.9,97039
4,1,12,4.3,97141
4,1,13,4.6,97301
4,1,14,5,97311
4,1,15,5.5,97331
4,1,16,6.2,97321
4,1,17,6.7,97059
4,1,18,7.1,98319
4,1,19,7.5,98309
4,1,20,8.3,76249
4,1,21,8.6,76239
4,1,22,9,76229
4,1,23,9.3,76219
4,1,24,9.7,76209
4,1,25,10,76199
4,1,26,10.3,75009
40,1,1,0,84009
40,1,2,0.7,84029
40,1,3,1,84019
40,1,4,1.7,83249
40,1,5,1.8,83239
40,1,6,2.1,93119
40,1,7,2.5,93069
40,1,8,2.9,93059
40,1,9,3.2,92159
40,1,10,3.5,92149
40,1,11,3.8,92139
40,1,12,4.3,92129
40,1,13,4.8,92119
40,1,14,5,92109
40,1,15,5.3,92099
40,1,16,5.8,92161
40,1,17,6.2,82071
40,1,18,6.6,82081
40,1,19,6.8,82091
40,1,20,7.2,82109
40,1,21,7.5,81069
40,1,22,7.9,81049
40,1,23,8.2,81029
40,1,24,8.6,81231
40,1,25,8.8,81081
40,1,26,9.2,81091
40,1,27,9.6,70011
40,1,28,10.2,70151
40,1,29,10.5,70161
40,1,30,10.9,70171
40,1,31,11.1,70181
40,1,32,11.3,70191
40,1,33,11.6,70201
40,1,34,12,70211
40,1,35,12.5,70221
40,1,36,12.9,70231
40,1,37,13.2,70241
40,1,38,13.6,70019
40,1,39,14,81099
40,1,40,14.4,81089
40,1,41,14.7,81011
40,1,42,15,81031
40,1,43,15.5,81051
40,1,44,16,82119
40,1,45,16.4,82099
40,1,46,16.6,82089
40,1,47,16.9,82079
40,1,48,17.4,92169
40,1,49,17.9,92091
40,1,50,18.2,92101
40,1,51,18.4,92111
40,1,52,18.9,92121
40,1,53,19.4,92131
40,1,54,19.8,92141
40,1,55,20,92151
40,1,56,20.3,93051
40,1,57,20.7,93061
40,1,58,21.1,93111
40,1,59,21.4,83231
40,1,60,22.3,84011
40,1,61,22.6,84021
40,1,62,23.4,84009
400,1,1,0,03239
400,1,2,0.7,03223
400,1,3,1.1,03151
400,1,5,2,03381
400,1,6,2.2,03391
400,1,7,3,03331
400,1,8,3.7,03341
400,1,9,4,03371
400,1,10,4.3,03369
400,1,11,5.1,03349
400,1,12,6.5,03419
400,1,13,7.4,03421
400,1,14,8.4,03411
400,1,15,9.1,03339
400,1,16,9.6,03539
400,1,17,10,03529
400,1,18,10.6,03129
400,1,19,11.1,03218
400,1,20,11.3,03239
401,1,1,0,84009
401,1,2,0.7,84029
401,1,3,1,84019
401,1,4,1.7,83249
401,1,5,1.8,83239
401,1,6,2.1,93119
401,1,7,2.5,93129
401,1,8,2.9,93199
401,1,9,3.2,93149
401,1,10,5,93159
401,1,11,5.5,93169
401,1,12,5.9,93179
401,1,13,6.3,93189
401,1,14,6.6,92199
401,1,15,7,92289
401,1,16,8.4,92059
401,1,17,8.7,92049
401,1,18,9.5,92241
401,1,19,10.3,92161
401,1,20,10.7,82071
401,1,21,11.5,81199
401,1,22,11.8,81189
401,1,23,12.3,81179
401,1,24,12.7,80279
401,1,25,13,91099
401,1,26,13.5,91089
401,1,27,14.7,91111
401,1,28,15.2,91101
401,1,29,15.7,92261
401,1,30,16.4,92251
401,1,32,17.5,92191
401,1,33,17.8,93181
401,1,34,18.5,93171
401,1,35,18.9,93161
401,1,36,19.5,93151
401,1,37,21.7,93049
401,1,38,22.1,93039
401,1,39,22.4,93201
401,1,40,22.8,93121
401,1,41,23.2,93111
401,1,42,23.5,83231
401,1,43,24.4,84011
401,1,44,24.7,84021
401,1,45,25.3,84009
403,1,1,0,77009
403,1,2,0.7,77179
403,1,3,1.1,77031
403,1,4,1.4,77021
403,1,5,1.8,77011
403,1,6,2.1,77181
403,1,7,2.4,77071
403,1,8,2.7,77081
403,1,9,3,77091
403,1,10,3.3,77101
403,1,11,3.6,77111
403,1,12,4,77129
403,1,13,4.4,77119
403,1,14,4.7,77109
403,1,15,4.9,77099
403,1,16,5.3,77089
403,1,17,5.5,77079
403,1,18,5.8,77189
403,1,19,6,78049
403,1,20,6.2,77019
403,1,21,6.6,77029
403,1,22,7,77039
403,1,23,7.4,77171
403,1,24,7.9,77009
405,1,1,0,22009
405,1,2,0.9,22489
405,1,3,1.4,21371
405,1,4,1.9,27091
405,1,5,2.4,27101
405,1,6,3.1,27121
405,1,7,3.5,31011
405,1,8,3.9,31021
405,1,9,4.3,31031
405,1,10,4.6,31041
405,1,11,5,31051
405,1,12,5.2,31149
405,1,13,5.7,31139
405,1,14,6.1,31129
405,1,15,6.5,31009
405,1,16,7.2,31121
405,1,17,7.5,31131
405,1,18,7.9,31141
405,1,19,8.3,31061
405,1,20,8.6,31071
405,1,21,8.8,31201
405,1,22,9,31211
405,1,23,9.8,31079
405,1,24,10.1,31069
405,1,25,10.4,31059
405,1,26,10.7,31049
405,1,27,11,31039
405,1,28,11.4,31029
405,1,29,11.7,31019
405,1,30,12.2,27129
405,1,31,12.8,27109
405,1,32,13.3,27099
405,1,33,14,21379
405,1,34,14.4,22481
405,1,35,15,22009
41,1,1,0,28009
41,1,2,0.5,28441
41,1,3,0.9,28311
41,1,4,1.4,28631
41,1,5,1.7,28641
41,1,6,2.3,28661
41,1,7,2.6,28671
41,1,8,2.9,28681
41,1,9,3.2,28691
41,1,10,3.8,28701
41,1,11,4.2,28101
41,1,12,5.2,42201
41,1,13,5.4,42211
41,1,14,5.7,42221
41,1,15,6,42231
41,1,16,6.4,42169
41,1,17,6.6,42159
41,1,18,6.9,42259
41,1,19,7.3,42089
41,1,20,7.9,42071
41,1,21,8.2,42151
41,1,22,8.5,42161
41,1,23,8.8,42239
41,1,24,9,42229
41,1,25,9.3,42219
41,1,26,9.5,42209
41,1,27,10.4,28109
41,1,28,10.9,28709
41,1,29,11.5,28699
41,1,30,11.8,28689
41,1,31,12.2,28679
41,1,32,12.4,28669
41,1,33,13,28649
41,1,34,13.3,28639
41,1,35,13.7,28319
41,1,36,14,28449
41,1,37,14.5,28009
410,1,1,0,53009
410,1,2,0.6,53261
410,1,3,1.2,53391
410,1,4,1.7,53381
410,1,5,2,53371
410,1,6,2.4,53321
410,1,7,2.8,53331
410,1,8,3.2,53341
410,1,9,3.6,53351
410,1,10,3.9,53361
410,1,11,4.2,53069
410,1,12,4.6,53059
410,1,13,5,53049
410,1,14,5.6,53299
410,1,15,6,53129
410,1,16,6.4,53319
410,1,17,6.9,53309
410,1,18,7.6,53419
410,1,19,7.8,53409
410,1,20,8.3,53281
410,1,21,8.6,53271
410,1,22,9.2,53009
410,2,1,0,53009
410,2,2,0.7,53279
410,2,3,1,53289
410,2,4,1.7,53401
410,2,5,2.2,53221
410,2,6,2.5,53301
410,2,7,3,53311
410,2,8,3.5,53121
410,2,9,3.9,53291
410,2,10,4.1,53179
410,2,11,4.3,53041
410,2,12,4.6,53051
410,2,13,5.1,53061
410,2,14,5.5,53369
410,2,15,5.9,53359
410,2,16,6.3,53349
410,2,17,6.7,53339
410,2,18,7.2,53329
410,2,19,7.6,53379
410,2,20,7.9,53389
410,2,21,8.4,53399
410,2,22,9,53269
410,2,23,9.6,53009
410G,1,1,0,53009
410G,1,2,0.7,53279
410G,1,3,1,53289
410G,1,4,1.6,53401
410G,1,5,2.1,53221
410G,1,6,2.4,53301
410G,1,7,2.9,53311
410G,1,8,3.4,53121
410G,1,9,3.8,53291
410G,1,10,4,53179
410G,1,11,4.2,53041
410G,1,12,4.5,53051
410G,1,13,5,53061
410G,1,14,5.4,53369
410G,1,15,5.8,53359
410G,1,16,6.2,53349
410G,1,17,6.6,53339
410G,1,18,7.1,53329
410G,1,19,7.5,53379
410G,1,20,7.8,53389
410G,1,21,8.3,53399
410G,1,22,8.9,53269
410G,1,23,9.5,53009
410W,1,1,0,53009
410W,1,2,0.6,53261
410W,1,3,1.2,53391
410W,1,4,1.7,53381
410W,1,5,2,53371
410W,1,6,2.4,53321
410W,1,7,2.8,53331
410W,1,8,3.2,53341
410W,1,9,3.6,53351
410W,1,10,3.9,53361
410W,1,11,4.2,53069
410W,1,12,4.6,53059
410W,1,13,5,53049
410W,1,14,5.6,53299
410W,1,15,6,53129
410W,1,16,6.4,53319
410W,1,17,6.9,53309
410W,1,18,7.6,53419
410W,1,19,7.8,53409
410W,1,20,8.3,53281
410W,1,21,8.6,53271
410W,1,22,9.2,53009
42,1,1,0,83321
42,1,2,0.2,83331
42,1,3,0.5,83341
42,1,4,0.8,83351
42,1,5,1.1,83361
42,1,6,1.4,83371
42,1,7,1.6,83381
42,1,8,1.9,83329
42,1,9,2.4,83081
42,1,10,3.1,83251
42,1,11,3.3,83261
42,1,12,3.5,83271
42,1,13,3.7,83281
42,1,14,3.9,83279
42,1,15,4.1,83269
42,1,16,4.5,83249
42,1,17,4.7,83229
42,1,18,4.9,83219
42,1,19,5.1,83181
42,1,20,5.3,83191
42,1,21,5.5,83201
42,1,22,5.8,83321
43,1,1,0,65009
43,1,2,0.4,65259
43,1,3,0.7,65409
43,1,4,1.1,65141
43,1,5,1.3,65431
43,1,6,1.8,67591
43,1,7,2.2,67411
43,1,8,2.5,67441
43,1,9,3.2,67611
43,1,10,3.7,67601
43,1,11,4.3,67629
43,1,12,4.6,64621
43,1,13,4.9,64461
43,1,14,5.2,66499
43,1,15,5.7,66489
43,1,16,6.2,64119
43,1,17,6.7,64109
43,1,18,7.1,63219
43,1,19,7.4,63209
43,1,20,7.8,63199
43,1,21,8.1,63189
43,1,22,8.3,63179
43,1,23,8.7,63369
43,1,24,9.1,66379
43,1,25,9.4,66359
43,1,26,9.7,62141
43,1,27,10.1,62059
43,1,28,10.5,62049
43,1,29,10.7,62039
43,1,30,11.1,62029
43,1,31,11.3,62019
43,1,32,11.6,70309
43,1,33,11.8,70299
43,1,34,12.1,70289
43,1,35,12.6,70279
43,1,36,12.9,70269
43,1,37,13.4,70259
43,1,38,13.8,81101
43,1,39,14.1,81111
43,1,40,14.5,82119
43,1,41,14.9,82099
43,1,42,15.1,82089
43,1,43,15.4,82079
43,1,44,15.9,92169
43,1,45,16.7,92249
43,1,46,17.3,92041
43,1,47,17.7,92051
43,1,48,18.1,92061
43,1,49,18.6,92071
43,1,50,18.9,92081
43,1,51,19.3,93011
43,1,52,19.7,93021
43,1,53,20.1,93031
43,1,54,20.8,93041
43,1,55,21.1,93139
43,1,56,21.4,94011
43,1,57,21.8,94021
43,1,58,22.1,94031
43,1,59,22.5,94041
43,1,60,22.9,94051
43,1,61,23.4,94061
43,1,62,23.6,94009
43,2,1,0,94009
43,2,2,0.4,94069
43,2,3,0.7,94059
43,2,4,1.1,94049
43,2,5,1.3,94089
43,2,6,1.6,94039
43,2,7,2,94029
43,2,8,2.2,94019
43,2,9,2.5,93131
43,2,10,2.8,93049
43,2,11,3.2,93039
43,2,12,3.5,93201
43,2,13,3.9,93029
43,2,14,4.3,93019
43,2,15,4.7,92089
43,2,16,5,92079
43,2,17,5.5,92069
43,2,18,5.9,92059
43,2,19,6.2,92049
43,2,20,7,92241
43,2,21,7.8,92161
43,2,22,8.2,82071
43,2,23,8.6,82081
43,2,24,8.8,82091
43,2,26,9.4,81129
43,2,27,9.7,81119
43,2,28,10,81109
43,2,29,10.5,70251
43,2,30,10.9,70261
43,2,31,11.1,70271
43,2,32,11.7,70281
43,2,33,12,70291
43,2,34,12.3,70301
43,2,35,12.6,62011
43,2,36,12.8,62021
43,2,37,13,62031
43,2,38,13.4,62041
43,2,39,13.9,62051
43,2,40,14.1,62149
43,2,41,14.5,66351
43,2,42,14.9,66371
43,2,43,15.3,63361
43,2,44,15.7,63181
43,2,45,16.1,63191
43,2,46,16.3,63201
43,2,47,16.6,63211
43,2,48,17.1,64101
43,2,49,17.5,64111
43,2,50,18,66481
43,2,51,18.5,66491
43,2,52,18.8,64469
43,2,53,19.2,64629
43,2,54,19.5,67621
43,2,55,20.2,67609
43,2,56,20.6,67619
43,2,57,21.2,67449
43,2,58,21.5,67419
43,2,59,21.8,67599
43,2,60,22.3,65439
43,2,61,22.7,65149
43,2,62,23,65401
43,2,63,23.7,65009
43e,1,1,0,65009
43e,1,2,0.4,65259
43e,1,3,0.7,65409
43e,1,4,1.1,65141
43e,1,5,1.3,65431
43e,1,6,1.8,67591
43e,1,7,2.2,67411
43e,1,8,2.5,67441
43e,1,9,3.2,67611
43e,1,10,3.7,67601
43e,1,15,11.9,70279
43e,1,16,12.2,70269
43e,1,17,12.7,70259
43e,1,18,13.1,81101
43e,1,19,13.4,81111
43e,1,20,13.8,82119
43e,1,21,14.2,82099
43e,1,22,14.4,82089
43e,1,23,14.7,82079
43e,1,24,15.2,92169
43e,1,25,16,92249
43e,1,26,16.6,92041
43e,1,27,17,92051
43e,2,1,0,92059
43e,2,2,0.3,92049
43e,2,3,1.1,92241
43e,2,4,1.9,92161
43e,2,5,2.3,82071
43e,2,6,2.7,82081
43e,2,7,2.9,82091
43e,2,9,3.5,81129
43e,2,10,3.8,81119
43e,2,11,4.1,81109
43e,2,12,4.6,70251
43e,2,13,5,70261
43e,2,14,5.2,70271
43e,2,19,13.6,67609
43e,2,20,14,67619
43e,2,21,14.6,67449
43e,2,22,14.9,67419
43e,2,23,15.2,67599
43e,2,24,15.7,65439
43e,2,25,16.1,65149
43e,2,26,16.4,65401
43e,2,27,17.1,65009
43M,1,1,0,65009
43M,1,2,0.4,65259
43M,1,3,0.7,65409
43M,1,4,1.1,65141
43M,1,5,1.3,65431
43M,1,6,1.8,67591
43M,1,7,2.2,67411
43M,1,8,2.5,67441
43M,1,9,3.2,67611
43M,1,10,3.7,67601
43M,1,11,4.3,67629
43M,1,12,4.6,64621
43M,1,13,4.9,64461
43M,1,14,5.2,66499
43M,1,15,5.7,66489
43M,1,16,6.2,64119
43M,1,17,6.7,64109
43M,1,18,7.1,63219
43M,1,19,7.4,63209
43M,1,20,7.8,63199
43M,1,21,8.1,63189
43M,1,22,8.3,63179
43M,1,23,8.7,63369
43M,1,24,8.9,63149
43M,1,25,9.4,62149
43M,1,26,9.8,66351
43M,1,27,10.2,66371
43M,1,28,10.6,63361
43M,1,29,11,63181
43M,1,30,11.4,63191
43M,1,31,11.6,63201
43M,1,32,11.9,63211
43M,1,33,12.4,64101
43M,1,34,12.8,64111
43M,1,35,13.3,66481
43M,1,36,13.8,66491
43M,1,37,14.1,64469
43M,1,38,14.5,64629
43M,1,39,14.8,67621
43M,1,40,15.5,67609
43M,1,41,15.9,67619
43M,1,42,16.5,67449
43M,1,43,16.8,67419
43M,1,44,17.1,67599
43M,1,45,17.6,65439
43M,1,46,18,65149
43M,1,47,18.3,65401
43M,1,48,19,65009
45,1,1,0,94009
45,1,2,0.6,94071
45,1,3,1,85021
45,1,4,1.4,85031
45,1,5,1.6,85041
45,1,6,2.2,85099
45,1,7,2.7,84069
45,1,8,3,84059
45,1,9,3.6,84191
45,1,10,4.1,84211
45,1,11,4.4,84349
45,1,12,4.7,84329
45,1,13,5,84319
45,1,14,5.4,84369
45,1,16,8,72011
45,1,17,8.3,71099
45,1,18,8.7,71089
45,1,19,9.1,71079
45,1,20,9.6,71069
45,1,21,10,71059
45,1,22,10.4,62249
45,1,23,10.8,62239
45,1,24,11.2,63109
45,1,25,11.6,63291
45,1,26,11.9,63301
45,1,27,12.2,62221
45,1,28,12.8,62051
45,1,29,13,62149
45,1,30,13.4,62139
45,1,31,13.8,66381
45,1,32,14.2,66361
45,1,33,14.6,66039
45,1,34,15.3,66099
45,1,36,16.5,54601
45,1,37,16.9,54371
45,1,38,17.3,54381
45,1,39,17.9,54581
45,1,40,18.3,54571
45,1,41,18.6,54479
45,1,42,18.9,54359
45,1,43,19.3,54251
45,1,44,19.6,55201
45,1,45,19.9,55181
45,1,46,20.3,55301
45,1,47,20.6,55311
45,1,48,21.2,55009
45,2,1,0,55009
45,2,2,0.2,55231
45,2,3,0.5,55319
45,2,4,0.8,55309
45,2,5,1.1,55189
45,2,6,1.6,55209
45,2,7,1.9,54259
45,2,8,2.3,54351
45,2,9,2.7,54471
45,2,10,2.9,54579
45,2,11,3.4,54589
45,2,12,4,54389
45,2,13,4.4,54379
45,2,14,4.8,54609
45,2,15,5.1,54101
45,2,16,6,66091
45,2,17,6.5,66031
45,2,18,6.9,66369
45,2,19,7.4,66389
45,2,20,7.8,62131
45,2,21,8.2,62141
45,2,22,8.6,62059
45,2,23,9,62229
45,2,24,9.4,63309
45,2,25,9.7,63299
45,2,26,10.1,63101
45,2,27,10.5,62231
45,2,28,10.8,62241
45,2,29,11.2,71051
45,2,30,11.7,71061
45,2,31,12.1,71071
45,2,32,12.5,71081
45,2,33,13,71091
45,2,34,13.4,72019
45,2,36,16.1,84361
45,2,37,16.4,84311
45,2,38,16.7,84321
45,2,39,17,84341
45,2,40,17.5,84219
45,2,41,18,84199
45,2,42,18.5,84051
45,2,43,18.8,84061
45,2,44,19.3,85091
45,2,45,19.9,85049
45,2,46,20.2,85039
45,2,47,20.4,85029
45,2,48,20.6,85019
45,2,49,20.9,94079
45,2,50,21.3,94009
45A,1,1,0,63291
45A,1,2,0.3,63301
45A,1,3,0.6,62221
45A,1,4,1.2,62051
45A,1,5,1.4,62149
45A,1,6,1.8,62139
46,1,1,0,94009
46,1,2,0.4,94069
46,1,3,0.7,94059
46,1,4,1.2,84679
46,1,5,1.4,84669
46,1,6,1.8,84109
46,1,7,2.3,84069
46,1,8,2.6,84289
46,1,9,2.9,84249
46,1,10,3.3,84239
46,1,11,3.7,84229
46,1,12,3.9,84521
46,1,13,4.4,84201
46,1,14,4.7,75341
46,1,15,5.1,75061
46,1,16,5.8,76289
46,1,17,6.1,75079
46,1,18,6.5,75089
46,1,19,6.7,75209
46,1,20,6.9,75169
46,1,21,7.5,75131
46,1,22,7.8,75121
46,1,23,8.5,75009
46,2,1,0,75009
46,2,2,0.8,75129
46,2,3,1.2,75139
46,2,4,1.6,75161
46,2,5,1.9,75201
46,2,6,2,75081
46,2,7,2.3,75071
46,2,8,2.6,76281
46,2,9,3.4,75069
46,2,10,3.8,75349
46,2,11,4,84209
46,2,12,4.5,84529
46,2,13,4.6,84221
46,2,14,5,84231
46,2,15,5.4,84241
46,2,16,5.6,84281
46,2,17,5.9,84061
46,2,18,6.5,84101
46,2,19,6.8,84661
46,2,20,7.1,84671
46,2,21,7.4,94051
46,2,22,7.9,94061
46,2,23,8.1,94009
47,1,1,0,97009
47,1,2,0.9,96361
47,1,3,1.6,96389
47,1,4,1.8,96319
47,1,5,2.3,96221
47,1,6,2.7,96019
47,1,7,3,85109
47,1,8,3.7,85099
47,1,9,4.3,84101
47,1,10,4.7,84071
47,1,11,5,84081
47,1,12,5.3,84141
47,1,13,5.7,84111
47,1,14,6.2,84151
47,1,15,6.7,93131
47,1,16,7,93049
47,1,17,7.4,93039
47,1,18,7.7,93201
47,1,19,8.1,93029
47,1,20,8.5,93019
47,1,21,8.9,92089
47,1,22,9.2,92079
47,1,23,9.7,92069
47,1,24,10.1,92059
47,1,25,10.4,92049
47,1,26,11.2,92241
47,1,27,11.5,92101
47,1,28,11.7,92111
47,1,29,12.2,92121
47,1,30,12.7,92279
47,1,31,12.9,92061
47,1,32,13.4,92071
47,1,33,13.7,92081
47,1,34,14.1,93011
47,1,35,14.5,93021
47,1,36,15.1,93031
47,1,37,15.6,93041
47,1,38,15.9,93139
47,1,39,16.3,84159
47,1,40,16.8,84119
47,1,41,17.2,84149
47,1,42,17.4,84089
47,1,43,17.7,84079
47,1,44,18.1,84109
47,1,45,18.7,85091
47,1,46,19.3,85101
47,1,48,20.2,96229
47,1,49,20.7,96311
47,1,50,20.9,96381
47,1,51,21.6,96401
47,1,52,22.4,97009
48,1,1,0,84299
48,1,2,0,84431
48,1,3,0.2,85079
48,1,4,0.4,85089
48,1,5,0.7,85069
48,1,6,1,85059
48,1,7,1.5,85099
48,1,8,2.1,84101
48,1,9,2.4,84661
48,1,10,2.7,84671
48,1,11,2.9,94049
48,1,12,3.1,94089
48,1,13,3.4,94039
48,1,14,3.8,94029
48,1,15,4,94019
48,1,16,4.3,93131
48,1,17,4.6,93049
48,1,18,5,93039
48,1,19,5.3,93201
48,1,20,5.7,93029
48,1,21,6.1,93019
48,1,22,6.5,92089
48,1,23,6.8,92079
48,1,24,7.3,92069
48,1,25,7.7,92059
48,1,26,8,92049
48,1,27,8.8,92241
48,1,28,9.1,92099
48,1,29,9.4,82059
48,1,31,15,01541
48,1,32,15.4,07551
48,1,33,15.7,07531
48,1,34,16.1,40011
48,1,35,16.6,40271
48,1,36,17.1,40021
48,1,37,17.4,40031
48,1,38,17.8,40041
48,1,39,18.2,40051
48,1,40,18.6,40111
48,1,41,19,40071
48,1,42,19.4,40081
48,1,43,19.7,40091
48,1,44,20.2,41011
48,1,45,20.6,41021
48,1,46,21.1,41119
48,1,47,21.4,41109
48,1,48,21.8,11119
48,1,49,22.1,11109
48,1,50,22.4,11099
48,1,51,23,11231
48,1,52,23.7,11419
48,1,53,24.4,11389
48,1,54,24.6,11379
48,2,1,0,11379
48,2,2,0.3,11381
48,2,3,0.6,11401
48,2,4,1.7,11239
48,2,5,2,11091
48,2,6,2.5,11101
48,2,7,2.8,11111
48,2,8,3,41101
48,2,9,3.4,41111
48,2,10,4.1,41029
48,2,11,4.6,41019
48,2,12,5,40099
48,2,13,5.5,40089
48,2,14,5.8,40079
48,2,15,6.1,40119
48,2,16,6.3,40069
48,2,17,6.6,40059
48,2,18,7,40049
48,2,19,7.3,40039
48,2,20,7.6,40029
48,2,21,8,40279
48,2,22,8.5,40019
48,2,23,8.9,07539
48,2,24,9.3,07589
48,2,25,9.6,01559
48,2,26,9.8,01549
48,2,28,15,82051
48,2,30,15.7,92249
48,2,31,16.3,92041
48,2,32,16.7,92051
48,2,33,17.1,92061
48,2,34,17.6,92071
48,2,35,17.9,92081
48,2,36,18.3,93011
48,2,37,18.7,93021
48,2,38,19.1,93031
48,2,39,19.8,93041
48,2,40,20.1,93139
48,2,41,20.4,94011
48,2,42,20.8,94021
48,2,43,21.1,94031
48,2,44,21.5,94041
48,2,45,21.8,84679
48,2,46,22,84669
48,2,47,22.4,84109
48,2,48,23,85091
48,2,49,23.5,85051
48,2,50,23.8,85061
48,2,51,24,85081
48,2,52,24.3,85071
48,2,53,24.4,84439
48,2,54,24.4,84299
49,1,1,0,28009
49,1,2,0.5,28441
49,1,3,1,28069
49,1,4,1.5,28059
49,1,5,2.1,28309
49,1,6,2.8,20061
49,1,7,3.4,20081
49,1,8,4.6,21011
49,1,9,6.7,21779
49,1,10,7.1,21561
49,1,11,7.3,21571
49,1,12,7.8,21631
49,1,13,8.1,21641
49,1,14,8.5,21679
49,1,15,8.8,21601
49,1,16,9.1,21611
49,1,17,9.6,21211
49,1,18,10.3,28099
49,1,19,10.7,28381
49,1,20,11.1,28391
49,1,21,11.3,28401
49,1,22,11.7,28541
49,1,23,12.1,28551
49,1,24,12.3,28561
49,1,25,12.6,28571
49,1,26,13,28581
49,1,27,13.3,28591
49,1,28,13.6,28601
49,1,29,14,28611
49,1,30,14.4,28389
49,1,31,14.8,28091
49,1,32,15.3,21229
49,1,33,15.5,21219
49,1,34,15.9,21619
49,1,35,16.3,21609
49,1,36,16.7,21671
49,1,37,17,21649
49,1,38,17.3,21639
49,1,39,17.9,21579
49,1,40,18.1,21569
49,1,41,18.4,21771
49,1,42,18.9,21019
49,1,43,20.3,20089
49,1,44,20.9,20069
49,1,45,21.2,20271
49,1,46,22.1,28051
49,1,47,22.6,28061
49,1,48,23,28449
49,1,49,23.5,28009
4N,1,1,0,02099
4N,1,2,0.4,02101
4N,1,3,0.8,02051
4N,1,4,1.1,02061
4N,1,5,2.1,04167
4N,1,6,2.4,04249
4N,1,7,2.8,05029
4N,1,8,3.4,04222
4N,1,9,3.7,04211
4N,1,10,4,04331
4N,1,11,4.3,13109
4N,1,12,4.6,13211
4N,1,13,5.2,06151
4N,1,14,5.7,06141
4N,1,15,6,06131
4N,1,16,6.3,13121
4N,1,17,6.7,13141
4N,1,18,7.3,13191
4N,1,19,8,09048
4N,1,20,8.6,09038
4N,1,21,9,08138
4N,1,22,9.4,08057
4N,1,23,9.9,08079
4N,1,24,10.1,07011
4N,1,25,10.5,07021
4N,1,26,10.8,07539
4N,1,27,11.2,07589
4N,1,28,11.5,01559
4N,1,29,11.7,01549
4N,1,32,18.9,92071
4N,1,33,19.2,92081
4N,1,34,19.6,93011
4N,1,35,20,93021
4N,1,36,20.6,93031
4N,1,37,21.1,93041
4N,1,38,21.4,93139
4N,1,39,21.8,84159
4N,1,40,23,84039
4N,1,41,23.6,84301
4N,1,42,23.9,84311
4N,1,43,24.2,84321
4N,1,44,24.5,84341
4N,1,45,24.9,84221
4N,1,46,25.5,84251
4N,1,47,25.9,84261
4N,1,48,26.4,84271
4N,1,49,26.8,84591
4N,1,50,27.2,84431
4N,1,52,28.3,96259
4N,1,53,28.6,96169
4N,1,54,29,96171
4N,1,55,29.3,96291
4N,1,56,29.7,96209
4N,1,57,30.1,96041
4N,1,58,30.5,96051
4N,1,59,30.9,96061
4N,1,60,32.7,98011
4N,1,61,33.1,98091
4N,1,62,33.6,78211
4N,1,63,34,78201
4N,1,64,34.4,78231
4N,1,65,34.8,78241
4N,1,66,35.1,78089
4N,1,67,35.5,78101
4N,1,68,36.1,77009
4N,1,69,36.8,77191
4N,1,70,37.2,77201
4N,1,71,37.5,77211
4N,1,72,38,77221
4N,1,73,38.4,77169
4N,1,74,38.6,77319
4N,1,75,38.9,77309
4N,1,76,39.1,77061
4N,1,77,39.3,78049
4N,1,78,39.5,77019
4N,1,79,39.9,77029
4N,1,80,40.3,77039
4N,1,81,40.7,77049
4N,1,82,41.1,77059
4N,1,83,41.4,78069
4N,1,84,41.8,78059
5,1,1,0,77009
5,1,2,0.8,78109
5,1,3,1.3,78119
5,1,4,1.8,78129
5,1,5,2.2,78139
5,1,6,2.6,78149
5,1,7,2.9,98109
5,1,8,3.3,97121
5,1,9,3.6,97111
5,1,10,4,97059
5,1,11,4.4,98319
5,1,12,5.1,98291
5,1,13,5.8,97019
5,1,14,6.6,96069
5,1,15,7,96059
5,1,16,7.3,96049
5,1,17,7.6,96201
5,1,18,7.9,96191
5,1,19,8.3,96261
5,1,20,8.6,96161
5,1,21,8.9,96251
5,1,22,9.3,96281
5,1,23,10.6,75059
5,1,24,11.3,75069
5,1,25,11.7,75349
5,1,26,12,84609
5,1,27,12.3,84639
5,1,28,12.5,84619
5,1,29,12.8,84629
5,1,30,13.1,84479
5,1,31,13.5,84469
5,1,32,14.1,84481
5,1,33,14.6,84701
5,1,34,14.9,72031
5,1,35,15.2,72041
5,1,36,15.6,72051
5,1,37,16.1,71091
5,1,38,16.5,72019
5,1,40,24.3,52079
5,1,41,25.2,50059
5,1,42,25.4,50049
5,1,43,25.7,50037
5,1,44,26.4,50069
5,1,45,26.7,40129
5,1,46,27.2,40189
5,1,47,27.4,40179
5,1,48,28.2,09219
5,1,49,28.9,13199
5,1,50,29.4,13159
5,1,51,29.8,13139
5,1,52,30,13119
5,1,53,30.4,06129
5,1,54,30.9,06069
5,1,55,31.3,06051
5,1,56,31.6,10141
5,1,57,32,10151
5,1,58,32.2,10161
5,1,59,32.6,10379
5,1,60,33.1,10081
5,1,61,33.8,10009
5,2,1,0,10009
5,2,2,0.7,10089
5,2,3,1.1,10371
5,2,4,1.7,10169
5,2,5,2.3,10149
5,2,6,2.5,06071
5,2,7,2.7,06081
5,2,8,3.2,06131
5,2,9,3.5,13121
5,2,10,3.9,13141
5,2,11,4.5,13191
5,2,12,5.1,09212
5,2,13,5.7,40171
5,2,14,6,40181
5,2,15,6.4,40121
5,2,16,6.7,50061
5,2,17,7.3,50031
5,2,18,7.6,50041
5,2,19,7.8,50051
5,2,20,8.1,51011
5,2,21,9,52071
5,2,23,16.7,72011
5,2,24,17,71099
5,2,25,17.6,72059
5,2,26,18,72049
5,2,27,18.3,72039
5,2,28,18.6,84709
5,2,29,19.1,84489
5,2,30,19.5,84461
5,2,31,19.9,84471
5,2,32,20.3,84621
5,2,33,20.7,84611
5,2,34,20.9,84631
5,2,35,21.1,84601
5,2,36,21.5,75341
5,2,37,21.9,75061
5,2,38,22.6,75051
5,2,39,23.9,96289
5,2,40,24.4,96259
5,2,41,24.7,96169
5,2,42,25.1,96269
5,2,43,25.5,96199
5,2,44,25.9,96209
5,2,45,26.2,96041
5,2,46,26.5,96051
5,2,47,26.9,96061
5,2,48,27.8,97011
5,2,49,28.3,98299
5,2,50,29.2,98311
5,2,51,29.5,97051
5,2,52,30,97119
5,2,53,30.3,97129
5,2,54,30.7,98101
5,2,55,31.1,78141
5,2,56,31.5,78131
5,2,57,31.9,78121
5,2,58,32.4,78111
5,2,59,32.8,78101
5,2,60,33.4,77009
50,1,1,0,53009
50,1,2,0.6,53221
50,1,3,1,53239
50,1,4,1.5,53249
50,1,5,1.9,54539
50,1,6,2.3,54311
50,1,7,2.6,54321
50,1,8,3,54331
50,1,9,3.6,54391
50,1,10,4,54341
50,1,11,4.5,54351
50,1,12,4.9,54471
50,1,13,5.2,54481
50,1,14,5.7,54491
50,1,15,5.9,54501
50,1,16,6.3,54651
50,1,17,6.6,66451
50,1,18,6.9,66461
50,1,19,7.2,66471
50,1,20,7.5,64121
50,1,21,7.8,67079
50,1,22,8.2,67069
50,1,23,8.5,67059
50,1,24,8.9,67049
50,1,25,9.2,67081
50,1,26,9.5,68011
50,1,27,10,67491
50,1,28,10.4,67481
50,1,29,10.6,67471
50,1,30,11.1,67321
50,1,31,11.3,65801
50,1,32,11.6,67379
50,1,33,11.9,67381
50,1,34,12.2,67391
50,1,35,12.7,67401
50,1,36,13.2,67101
50,1,37,13.5,67111
50,1,38,13.9,67121
50,1,39,14.2,67531
50,1,40,14.5,67521
50,1,41,15.1,65521
50,1,42,15.6,65231
50,1,43,15.9,65181
50,1,44,16.3,65321
50,1,45,16.8,65311
50,1,46,17.3,65301
50,1,47,18,65351
50,1,48,18.5,65009
50,2,1,0,65009
50,2,2,0.6,65359
50,2,3,1.3,65309
50,2,4,1.8,65319
50,2,5,2.3,65329
50,2,6,2.8,65189
50,2,7,3.2,65239
50,2,8,3.6,65529
50,2,9,4.3,67529
50,2,10,4.7,67539
50,2,11,5,67129
50,2,12,5.2,67119
50,2,13,5.6,67109
50,2,14,6,67409
50,2,15,6.5,67399
50,2,16,6.8,67389
50,2,17,7.2,67371
50,2,18,7.4,65809
50,2,19,7.7,67329
50,2,20,8.2,67479
50,2,21,8.6,67489
50,2,22,8.9,67499
50,2,23,9.4,68019
50,2,24,9.6,67089
50,2,25,10,67041
50,2,26,10.3,67051
50,2,27,10.6,67061
50,2,28,11.1,67071
50,2,29,11.4,64129
50,2,30,11.8,66479
50,2,31,12.2,66459
50,2,32,12.6,54659
50,2,33,13.1,54509
50,2,34,13.3,54499
50,2,35,13.9,54489
50,2,36,14.2,54479
50,2,37,14.5,54359
50,2,38,14.9,54349
50,2,39,15.3,54399
50,2,40,15.8,54339
50,2,41,16.2,54329
50,2,42,16.5,54319
50,2,43,16.9,54531
50,2,44,17.2,53241
50,2,45,17.8,53231
50,2,46,18.3,53229
50,2,47,18.7,53009
502,1,1,0,22609
502,1,2,0.1,22191
502,1,3,0.4,22181
502,1,4,0.7,22461
502,1,5,1.1,22451
502,1,6,1.4,27301
502,1,7,1.8,27369
502,1,8,2.1,27359
502,1,9,2.7,27389
502,1,10,3,27379
502,1,11,3.5,22599
502,1,12,3.7,22449
502,1,13,4.1,22489
502,1,14,4.5,21399
502,1,15,4.9,21421
502,1,16,5.3,21241
502,1,17,5.7,28539
502,1,18,6,28409
502,1,19,6.3,28529
502,1,20,6.8,28519
502,1,21,7,28509
502,1,22,7.5,28499
502,1,23,7.9,28469
502,1,24,8.3,28459
502,1,25,8.7,28339
502,1,26,9.1,28329
502,1,27,9.5,28631
502,1,28,9.8,28641
502,1,29,10.4,28651
502,1,30,11,28049
502,1,31,25.6,09169
502,1,32,25.9,09179
502,1,33,26.4,09048
502,1,34,27,09038
502,1,35,27.4,08138
502,1,36,27.8,08057
502,1,37,28.3,08069
502,1,38,28.6,04179
502,1,39,29,02049
502,1,40,29.6,02151
502,1,41,30.3,02161
502,1,42,30.6,02171
502,1,43,31.5,03509
502,1,44,31.8,03519
502,1,45,32.4,03539
502,1,46,32.8,03529
502,1,47,33.4,03129
502,1,48,33.7,03217
502,1,60,47.9,28041
502,1,61,48.5,28659
502,1,62,49.2,28649
502,1,63,49.5,28639
502,1,64,49.9,28321
502,1,65,50.3,28331
502,1,66,50.8,28451
502,1,67,51.2,28461
502,1,68,51.7,28491
502,1,69,52.1,28501
502,1,70,52.5,28511
502,1,71,52.8,28521
502,1,72,53.1,28401
502,1,73,53.4,28531
502,1,74,54,21249
502,1,75,54.4,21429
502,1,76,54.8,21391
502,1,77,55.2,22481
502,1,78,55.7,22441
502,1,79,56,22591
502,1,80,56.4,27371
502,1,81,56.8,27381
502,1,82,57.5,27351
502,1,83,57.8,27361
502,1,84,58.2,27309
502,1,85,58.5,22459
502,1,86,58.7,22469
502,1,87,59,22189
502,1,88,59.4,22199
502,1,89,59.5,22609
502A,1,1,0,22609
502A,1,2,0.1,22191
502A,1,3,0.4,22181
502A,1,4,0.7,22461
502A,1,5,1.1,22451
502A,1,6,1.4,27301
502A,1,7,1.8,27369
502A,1,8,2.1,27359
502A,1,9,2.7,27389
502A,1,10,3,27379
502A,1,11,3.5,22599
502A,1,12,3.7,22449
502A,1,13,4.1,22489
502A,1,14,4.5,21399
502A,1,15,4.9,21421
502A,1,16,5.3,21241
502A,1,24,24.1,09169
502A,1,25,24.4,09179
502A,1,26,24.9,09048
502A,1,27,25.5,09038
502A,1,28,25.9,08138
502A,1,29,26.3,08057
502A,1,30,26.8,08069
502A,1,31,27.1,04179
502A,1,32,27.5,02049
502A,1,33,28.1,02151
502A,1,34,28.8,02161
502A,1,35,29.1,02171
502A,1,36,30,03509
502A,1,37,30.3,03519
502A,1,38,30.9,03539
502A,1,39,31.3,03529
506,1,1,0,28009
506,1,3,0.5,28441
506,1,4,0.8,28071
506,1,5,1.1,28081
506,1,6,1.5,28281
506,1,7,1.8,28291
506,1,8,2.3,43459
506,1,9,2.8,43349
506,1,10,3.2,43539
506,1,11,3.5,43409
506,1,12,4,43411
506,1,13,4.6,43179
506,1,14,5,43189
506,1,15,5.4,43619
506,1,16,5.6,43629
506,1,17,6,42319
506,1,22,17.5,52071
506,1,23,18.3,52509
506,1,24,18.6,52329
506,1,27,25.4,72011
506,1,28,25.8,72021
506,1,29,26.3,72061
506,1,30,26.5,72071
506,1,31,27,84499
506,1,32,27.6,84489
506,1,33,28,84461
506,1,34,28.4,84471
506,1,35,28.8,84621
506,1,36,29.2,84611
506,1,37,29.4,84631
506,1,38,29.6,84601
506,1,39,29.9,84209
506,1,40,30.4,84529
506,1,41,30.7,84219
506,1,42,31.2,84199
506,1,43,31.7,84051
506,1,44,32,84061
506,1,45,32.6,84101
506,1,46,32.9,84661
506,1,47,33.2,84671
506,1,48,33.5,94051
506,1,49,34,94061
506,1,50,34.2,94009
506,2,1,0,94009
506,2,2,0.4,94069
506,2,3,0.7,94059
506,2,4,1.2,84679
506,2,5,1.4,84669
506,2,6,1.8,84109
506,2,7,2.3,84069
506,2,8,2.6,84059
506,2,9,3.2,84191
506,2,10,3.7,84211
506,2,11,4,84521
506,2,12,4.5,84201
506,2,13,4.8,84609
506,2,14,5.1,84639
506,2,15,5.3,84619
506,2,16,5.6,84629
506,2,17,5.9,84479
506,2,18,6.3,84469
506,2,19,6.9,84481
506,2,20,7.4,84491
506,2,21,7.8,72079
506,2,22,8.1,72069
506,2,23,8.5,72029
506,2,24,8.9,72019
506,2,27,15.9,52321
506,2,28,16.2,52501
506,2,29,17.5,52079
506,2,33,29.2,42311
506,2,34,29.6,43621
506,2,35,29.9,43611
506,2,36,30.2,43181
506,2,37,30.6,43171
506,2,38,31.2,43419
506,2,39,31.6,43401
506,2,40,32,43531
506,2,41,32.4,43341
506,2,42,32.9,43453
506,2,43,33.3,28299
506,2,44,33.6,28289
506,2,45,33.9,28089
506,2,46,34.2,28079
506,2,47,34.6,28449
506,2,48,35.1,28009
51,1,1,0,64009
51,1,2,0.7,64019
51,1,3,1,63069
51,1,4,1.4,63249
51,1,5,1.9,63071
51,1,6,2.2,63081
51,1,7,2.6,63091
51,1,8,2.9,63101
51,1,9,3.3,62231
51,1,10,3.6,62241
51,1,11,4,71051
51,1,12,4.5,71061
51,1,13,4.9,71071
51,1,14,5.3,71081
51,1,15,5.8,71091
51,1,16,6.2,72019
51,1,17,6.9,83119
51,1,18,7.1,83109
51,1,19,7.8,82069
51,1,20,8.3,82049
51,1,21,8.7,82029
51,1,22,9,82109
51,1,23,9.3,81069
51,1,24,9.7,81049
51,1,25,10,81029
51,1,26,10.5,80089
51,1,27,10.9,80069
51,1,28,11.4,80049
51,1,29,11.6,80039
51,1,30,12.1,80029
51,1,31,12.6,01339
51,1,32,13,01329
51,1,33,13.5,01229
51,1,34,13.9,01139
51,1,35,14.2,01039
51,1,36,14.4,01029
51,1,37,15,04168
51,1,38,15.2,04249
51,1,39,15.6,05029
51,1,40,16.2,05131
51,1,41,16.6,06171
51,1,42,17.1,06161
51,1,43,17.4,06151
51,1,44,17.9,06141
51,1,45,18.2,10221
51,1,46,18.6,10231
51,1,47,19.1,10241
51,1,48,19.5,10261
51,1,49,19.8,10271
51,1,50,20.2,10281
51,1,51,20.6,10291
51,1,52,21.1,11131
51,1,53,21.3,11141
51,1,54,21.9,11151
51,1,55,22.2,11059
51,1,56,22.6,11049
51,1,57,23,11039
51,1,58,23.4,11029
51,1,59,24,11519
51,1,60,24.7,18019
51,1,61,25.2,15059
51,1,62,25.5,15049
51,1,63,25.9,15141
51,1,64,26.2,15151
51,1,65,26.4,15161
51,1,66,26.9,15191
51,1,67,27.2,15201
51,1,68,27.8,15221
51,1,69,28.1,16201
51,1,70,28.4,16011
51,1,71,28.9,16021
51,1,72,29.2,16031
51,1,73,29.4,16041
51,1,74,29.7,16051
51,1,75,29.9,16061
51,1,76,30.1,16071
51,1,77,30.4,16081
51,1,78,30.7,17011
51,1,79,31,17021
51,1,80,31.3,17381
51,1,81,31.6,17031
51,1,82,31.9,17041
51,1,83,32.4,17061
51,1,84,32.6,17071
51,1,85,33,20291
51,1,86,33.5,20281
51,1,87,34.1,20131
51,1,88,34.5,20141
51,1,89,34.7,20199
51,1,90,35,20189
51,1,91,35.3,20261
51,1,92,35.7,20271
51,1,93,36,28221
51,1,94,36.3,28231
51,1,95,36.7,28241
51,1,96,37.1,28439
51,1,97,37.6,28009
51,2,1,0,28009
51,2,2,0.3,28301
51,2,3,0.6,28431
51,2,4,0.9,28249
51,2,5,1.4,28239
51,2,6,2,28229
51,2,7,2.4,20269
51,2,8,2.7,20181
51,2,9,2.9,20191
51,2,10,3.1,20149
51,2,11,3.5,20139
51,2,12,4,20289
51,2,13,4.5,20299
51,2,14,4.7,17079
51,2,15,5,17069
51,2,16,5.5,17049
51,2,17,5.9,17039
51,2,18,6.2,17389
51,2,19,6.5,17029
51,2,20,6.9,17019
51,2,21,7.2,16089
51,2,22,7.5,16079
51,2,23,7.8,16069
51,2,24,8.1,16059
51,2,25,8.3,16049
51,2,26,8.5,16039
51,2,27,8.8,16029
51,2,28,9.3,16019
51,2,29,9.5,16209
51,2,30,9.8,15229
51,2,31,10,15219
51,2,32,10.4,15209
51,2,33,10.7,15199
51,2,34,11.2,15169
51,2,35,11.4,15159
51,2,36,11.7,15149
51,2,37,12.1,15041
51,2,38,12.4,15051
51,2,39,12.9,18011
51,2,40,13.5,11511
51,2,41,14,11021
51,2,42,14.3,11031
51,2,43,15,11041
51,2,44,15.4,11051
51,2,45,16,11159
51,2,46,16.4,11149
51,2,47,16.7,11139
51,2,48,17.2,10299
51,2,49,17.5,10289
51,2,50,17.9,10279
51,2,51,18.2,10269
51,2,52,18.6,10249
51,2,53,19.1,10239
51,2,54,19.4,10229
51,2,55,19.7,06149
51,2,56,20,06159
51,2,57,20.4,06169
51,2,58,20.8,06189
51,2,59,21.1,05023
51,2,60,21.4,04222
51,2,61,21.9,04142
51,2,62,22.4,01012
51,2,63,23,01113
51,2,64,23.4,01121
51,2,65,23.7,01211
51,2,66,24,01311
51,2,67,24.6,80011
51,2,68,25.1,80031
51,2,69,25.4,80051
51,2,70,25.8,80071
51,2,71,26.3,80091
51,2,72,26.6,81011
51,2,73,26.9,81031
51,2,74,27.4,81051
51,2,75,28,82011
51,2,76,28.2,82032
51,2,77,28.8,82061
51,2,78,29.2,83101
51,2,79,29.5,83111
51,2,80,30,72011
51,2,81,30.3,71099
51,2,82,30.7,71089
51,2,83,31.1,71079
51,2,84,31.6,71069
51,2,85,32,71059
51,2,86,32.4,62249
51,2,87,32.8,62239
51,2,88,33.2,63109
51,2,89,33.5,63099
51,2,90,33.9,63089
51,2,91,34.3,63079
51,2,92,34.8,63241
51,2,93,35.1,63061
51,2,94,35.3,64011
51,2,95,36,64009
513,1,1,0,75129
513,1,2,0.4,75139
513,1,3,0.8,75161
513,1,4,1.1,75201
513,1,5,1.4,75109
513,1,6,1.6,75039
513,1,7,1.9,75241
513,1,8,2.3,75231
513,1,9,2.7,75221
513,1,10,3.2,75051
513,1,19,23.6,03539
513,1,20,24,03529
513,1,21,24.6,03129
513,1,22,25.1,03218
513,2,1,0,03222
513,2,2,0.7,03111
513,2,3,1,03071
513,2,5,1.6,03381
513,2,6,1.8,03391
513,2,15,21.1,75059
513,2,16,21.5,75229
513,2,17,22,75239
513,2,18,22.4,75249
513,2,19,22.9,75031
513,2,20,23.2,75101
513,2,21,23.5,75209
513,2,22,23.7,75169
513,2,23,24.3,75131
513,2,24,24.6,75121
518,1,1,0,77009
518,1,2,0.7,77191
518,1,3,1.1,77201
518,1,4,1.4,77211
518,1,5,1.9,77251
518,1,6,2.3,77261
518,1,7,2.6,77271
518,1,8,2.9,77289
518,1,9,3.2,77239
518,1,10,3.5,77249
518,1,11,3.8,78049
518,1,12,4,77019
518,1,13,4.4,77029
518,1,14,4.8,77039
518,1,15,5.2,77049
518,1,16,5.6,77059
518,1,17,5.9,78069
518,1,18,6.3,78059
518,1,19,6.7,98099
518,1,20,7.1,98019
518,1,21,7.7,76249
518,1,22,8,76239
518,1,23,8.3,76039
518,1,24,8.6,76109
518,1,25,9,76099
518,1,26,9.4,76089
518,1,27,9.8,76079
518,1,28,10.5,75059
518,1,29,10.9,75229
518,1,30,11.4,75239
518,1,31,11.8,75249
518,1,32,12.1,75259
518,1,33,14.3,84459
518,1,34,14.5,84539
518,1,37,24.5,50129
518,1,38,24.9,50119
518,1,39,25.5,50069
518,1,41,26.3,40189
518,1,42,26.5,40179
518,1,43,27.3,09219
518,1,44,27.7,09047
518,1,45,28.2,09037
518,1,46,28.9,08138
518,1,47,29.3,08057
518,1,48,29.8,08069
518,1,49,30.1,04179
518,1,50,30.5,02049
518,1,51,31.1,02151
518,1,52,31.8,02161
518,1,53,32.1,02171
518,1,54,33,03509
518,1,55,33.3,03519
518,1,60,45.2,84451
518,1,61,47.6,75251
518,1,62,47.9,75241
518,1,63,48.3,75231
518,1,64,48.7,75221
518,1,65,49.2,75051
518,1,66,49.9,76071
518,1,67,50.4,76081
518,1,68,50.8,76091
518,1,69,51.2,76101
518,1,70,51.4,76031
518,1,71,51.8,76231
518,1,72,52.1,76241
518,1,73,52.7,98011
518,1,74,53,98091
518,1,75,53.4,78051
518,1,76,53.8,78061
518,1,77,54.2,77051
518,1,78,54.6,77041
518,1,79,55,77031
518,1,80,55.3,77021
518,1,81,55.7,77011
518,1,82,56,77241
518,1,83,56.3,77231
518,1,84,56.6,77281
518,1,85,57,77279
518,1,86,57.3,77269
518,1,87,57.7,77259
518,1,88,58.1,77219
518,1,89,58.5,77209
518,1,90,58.9,77199
518,1,91,59.6,77009
518A,1,1,0,77009
518A,1,2,0.7,77191
518A,1,3,1.1,77201
518A,1,4,1.4,77211
518A,1,5,1.9,77251
518A,1,6,2.3,77261
518A,1,7,2.6,77271
518A,1,8,2.9,77289
518A,1,9,3.2,77239
518A,1,10,3.5,77249
518A,1,11,3.8,78049
518A,1,12,4,77019
518A,1,13,4.4,77029
518A,1,14,4.8,77039
518A,1,15,5.2,77049
518A,1,16,5.6,77059
518A,1,17,5.9,78069
518A,1,18,6.3,78059
518A,1,19,6.7,98099
518A,1,20,7.1,98019
518A,1,23,23.8,50129
518A,1,24,24.2,50119
518A,1,25,24.8,50069
518A,1,27,25.6,40189
518A,1,28,25.8,40179
518A,1,29,26.6,09219
518A,1,30,27,09047
518A,1,31,27.5,09037
518A,1,32,28.2,08138
518A,1,33,28.6,08057
518A,1,34,29.1,08069
518A,1,35,29.4,04179
518A,1,36,29.8,02049
518A,1,37,30.4,02151
518A,1,38,31.1,02161
518A,1,39,31.4,02171
518A,1,40,32.3,03509
518A,1,41,32.6,03519
51A,1,1,0,28009
51A,1,2,0.3,28301
51A,1,3,0.6,28431
51A,1,4,0.9,28249
51A,1,5,1.4,28239
51A,1,6,2,28229
51A,1,7,2.4,20269
51A,1,8,2.7,20181
51A,1,9,2.9,20191
52,1,1,0,53009
52,1,2,0.6,53221
52,1,3,1,53239
52,1,4,1.5,53391
52,1,5,2,53381
52,1,6,2.3,53371
52,1,7,2.7,53321
52,1,8,3.1,53331
52,1,9,3.5,53341
52,1,10,3.9,53351
52,1,11,4.2,53361
52,1,12,4.5,53069
52,1,13,4.9,53059
52,1,14,5.3,53049
52,1,15,5.6,53039
52,1,16,5.9,53029
52,1,17,6.3,53019
52,1,18,6.9,51079
52,1,19,7.4,51119
52,1,20,9,41169
52,1,21,15.4,42089
52,1,22,15.9,42149
52,1,23,16.5,12109
52,1,24,16.9,12099
52,1,25,17.1,12089
52,1,26,17.6,12079
52,1,27,17.9,12069
52,1,28,18.4,17119
52,1,29,18.6,17109
52,1,30,19.3,17151
52,1,31,19.6,17161
52,1,32,20,17171
52,1,33,20.3,17181
52,1,34,20.6,20101
52,1,35,21.2,28011
52,1,36,21.7,28021
52,1,37,22.2,28031
52,1,38,22.6,28041
52,1,39,23.2,28659
52,1,40,23.9,28649
52,1,41,24.2,28639
52,1,42,24.6,28319
52,1,43,24.9,28449
52,1,44,25.4,28009
52,2,1,0,28009
52,2,3,0.5,28441
52,2,4,0.9,28311
52,2,5,1.4,28631
52,2,6,1.7,28641
52,2,7,2.3,28651
52,2,8,2.9,28049
52,2,9,3.3,28039
52,2,10,3.6,28029
52,2,11,4.2,28019
52,2,12,4.8,20109
52,2,13,5.2,17189
52,2,14,5.5,17179
52,2,15,5.8,17169
52,2,16,6.2,17159
52,2,17,6.7,17101
52,2,18,7.1,17111
52,2,19,7.5,12061
52,2,20,7.8,12071
52,2,21,8.3,12081
52,2,22,8.7,12091
52,2,23,9.1,12101
52,2,24,9.5,42141
52,2,25,9.9,42071
52,2,26,10.2,42259
52,2,27,16,41161
52,2,28,17.7,51111
52,2,29,18.1,51071
52,2,30,18.6,53011
52,2,31,19.1,53021
52,2,32,19.6,53041
52,2,33,19.9,53051
52,2,34,20.4,53061
52,2,35,20.8,53369
52,2,36,21.2,53359
52,2,37,21.6,53349
52,2,38,22,53339
52,2,39,22.5,53329
52,2,40,22.9,53379
52,2,41,23.2,53389
52,2,42,23.7,53399
52,2,43,24.2,53231
52,2,44,24.7,53229
52,2,45,25.1,53009
53,1,1,0,53009
53,1,2,0.6,53261
53,1,3,1.2,53249
53,1,4,1.6,54539
53,1,5,2.3,54101
53,1,6,3.2,66091
53,1,7,3.7,66031
53,1,8,4.2,66041
53,1,9,4.5,66051
53,1,10,4.9,66379
53,1,11,5.2,66359
53,1,12,5.5,62141
53,1,13,5.9,62059
53,1,14,6.3,62229
53,1,15,6.7,63309
53,1,16,7,63299
53,1,17,7.3,63289
53,1,18,7.6,63279
53,1,19,7.9,63269
53,1,20,8.4,63131
53,1,21,8.8,64201
53,1,22,9.1,64211
53,1,23,9.6,64221
53,1,24,9.9,64131
53,1,27,15.2,77339
53,1,28,15.7,77289
53,1,29,16,77239
53,1,30,16.3,77249
53,1,31,16.6,78049
53,1,32,16.8,77019
53,1,33,17.2,77029
53,1,34,17.6,77039
53,1,35,18,77049
53,1,36,18.4,77059
53,1,37,18.7,78069
53,1,38,19.1,78059
53,1,39,19.5,98099
53,1,40,19.9,98019
53,1,42,24.1,95151
53,1,43,24.6,95011
53,1,44,26,95109
53,1,45,26.8,95029
53,1,46,27.6,95129
53,1,47,28.7,95019
53,1,48,29.5,95159
53,1,50,34,98011
53,1,51,34.3,98091
53,1,52,34.7,78051
53,1,53,35.1,78061
53,1,54,35.5,77051
53,1,55,35.9,77041
53,1,56,36.3,77031
53,1,57,36.6,77021
53,1,58,37,77011
53,1,59,37.3,77241
53,1,60,37.6,77231
53,1,61,37.9,77281
53,1,62,38.3,77331
53,1,65,43.3,64229
53,1,66,43.7,64219
53,1,67,44.1,64209
53,1,68,44.4,63139
53,1,69,45,63261
53,1,70,45.3,63271
53,1,71,45.6,63281
53,1,72,46,63291
53,1,73,46.3,63301
53,1,74,46.6,62221
53,1,75,47.2,62051
53,1,76,47.4,62149
53,1,77,47.8,66351
53,1,78,48.2,66371
53,1,79,48.5,66059
53,1,80,48.9,66049
53,1,81,49.2,66039
53,1,82,49.9,66099
53,1,83,50.8,54109
53,1,84,51.4,54531
53,1,85,51.7,53241
53,1,86,52.4,53269
53,1,87,53,53009
53A,1,1,0,77289
53A,1,2,0.3,77239
53A,1,3,0.6,77249
53A,1,4,0.9,78049
53A,1,5,1.1,77019
53A,1,6,1.5,77029
53A,1,7,1.9,77039
53A,1,8,2.3,77049
53A,1,9,2.7,77059
53A,1,10,3,78069
53A,1,11,3.4,78059
53A,1,12,3.8,98099
53A,1,13,4.2,98019
53A,1,15,8.4,95151
53A,1,16,8.9,95011
53A,1,17,10.3,95109
53A,1,18,11.1,95029
53A,1,19,11.9,95129
53M,1,1,0,63261
53M,1,2,0.3,63271
53M,1,3,0.6,63281
53M,1,4,1,63291
53M,1,5,1.3,63301
53M,1,6,1.6,62221
53M,1,7,2.2,62051
53M,1,8,2.6,63141
53M,1,9,3,66379
53M,1,10,3.3,66359
53M,1,11,3.6,62141
53M,1,12,4,62059
53M,1,13,4.4,62229
53M,1,14,4.8,63309
53M,1,15,5.1,63299
53M,1,16,5.4,63289
53M,1,17,5.7,63279
53M,1,18,6,63269
54,1,1,0,53009
54,1,2,0.7,53279
54,1,3,1,53289
54,1,4,1.5,53251
54,1,5,1.9,53221
54,1,6,2.3,53239
54,1,7,2.8,53391
54,1,8,3.3,53381
54,1,9,3.6,53371
54,1,10,3.9,53159
54,1,11,4.4,53149
54,1,12,4.7,53139
54,1,13,5.2,53129
54,1,14,5.6,53119
54,1,15,6,51089
54,1,16,6.6,51059
54,1,17,7,51049
54,1,18,7.3,51039
54,1,19,7.5,51029
54,1,20,7.7,51019
54,1,21,8.2,50059
54,1,22,8.4,50049
54,1,23,8.7,50037
54,1,24,9.4,50069
54,1,25,9.7,40129
54,1,26,10.2,40189
54,1,27,10.4,40179
54,1,28,11.2,09219
54,1,29,11.9,13199
54,1,30,12.4,13159
54,1,31,12.8,13071
54,1,32,13.2,13081
54,1,33,13.6,13091
54,1,34,14,13101
54,1,35,14.3,04339
54,1,36,14.6,04219
54,1,37,15,04239
54,1,38,15.3,05059
54,1,39,15.5,05049
54,1,40,15.9,05039
54,1,41,16.2,05019
54,1,42,16.8,10011
54,1,43,17.1,10041
54,1,44,17.7,10499
54,2,1,0,10499
54,2,2,0.7,10049
54,2,3,1.1,10017
54,2,4,1.6,05012
54,2,5,2.2,05022
54,2,6,2.7,04222
54,2,7,3,04211
54,2,8,3.3,04331
54,2,9,3.6,13109
54,2,10,4.1,13099
54,2,11,4.5,13089
54,2,12,4.9,13079
54,2,13,5.4,13141
54,2,14,6,13191
54,2,15,6.6,09212
54,2,16,7.2,40171
54,2,17,7.5,40181
54,2,18,7.9,40121
54,2,19,8.2,50061
54,2,20,8.8,50031
54,2,21,9.1,50041
54,2,22,9.3,50051
54,2,23,9.6,51011
54,2,24,10,51021
54,2,25,10.2,51031
54,2,26,10.4,51041
54,2,27,10.8,51051
54,2,28,11.4,51081
54,2,29,12,53111
54,2,30,12.5,53121
54,2,31,13,53131
54,2,32,13.3,53141
54,2,33,13.7,53151
54,2,34,14.1,53379
54,2,35,14.4,53389
54,2,36,14.9,53399
54,2,37,15.4,53231
54,2,38,15.9,53229
54,2,39,16.2,53259
54,2,40,16.6,53281
54,2,41,16.9,53271
54,2,42,17.5,53009
55,1,1,0,53009
55,1,2,0.6,53221
55,1,3,1,53239
55,1,4,1.5,53249
55,1,5,1.9,54539
55,1,6,2.6,54601
55,1,7,3,54371
55,1,8,3.4,54381
55,1,9,4,54291
55,1,10,4.5,54301
55,1,11,4.8,66341
55,1,12,5.4,66331
55,1,13,5.8,66101
55,1,14,6.3,63311
55,1,15,6.7,63321
55,1,16,7.1,63331
55,1,17,7.5,63341
55,1,18,8.1,63249
55,1,19,8.6,63071
55,1,20,8.9,63081
55,1,21,9.3,63091
55,1,22,9.6,63101
55,1,23,10,62231
55,1,24,10.3,62241
55,1,25,10.7,71051
55,1,26,11.2,71061
55,1,27,11.6,71071
55,1,28,12,71081
55,1,29,12.5,71091
55,1,30,12.9,72019
55,1,31,13.6,83119
55,1,32,13.8,83109
55,1,33,14.5,83299
55,1,34,14.9,83319
55,1,35,15.2,83309
55,1,36,15.7,92279
55,1,37,15.9,92061
55,1,38,16.4,92071
55,1,39,16.7,92081
55,1,40,17.1,93011
55,1,41,17.5,93021
55,1,42,18.1,93031
55,1,43,18.6,93041
55,1,44,18.9,93139
55,1,45,19.2,94011
55,1,46,19.6,94021
55,1,47,19.9,94031
55,1,48,20.3,94041
55,1,49,20.7,94051
55,1,50,21.2,94061
55,1,51,21.4,94009
55,2,1,0,94009
55,2,2,0.6,94069
55,2,3,0.9,94059
55,2,4,1.3,94049
55,2,5,1.5,94089
55,2,6,1.8,94039
55,2,7,2.2,94029
55,2,8,2.4,94019
55,2,9,2.7,93131
55,2,10,3,93049
55,2,11,3.4,93039
55,2,12,3.7,93201
55,2,13,4.1,93029
55,2,14,4.5,93019
55,2,15,4.9,92089
55,2,16,5.2,92079
55,2,17,5.8,92271
55,2,18,6.1,83301
55,2,19,6.5,83311
55,2,20,6.8,83291
55,2,21,7.5,83101
55,2,22,7.8,83111
55,2,23,8.3,72011
55,2,24,8.6,71099
55,2,25,9,71089
55,2,26,9.4,71079
55,2,27,9.9,71069
55,2,28,10.3,71059
55,2,29,10.7,62249
55,2,30,11.1,62239
55,2,31,11.5,63109
55,2,32,11.8,63099
55,2,33,12.2,63089
55,2,34,12.6,63079
55,2,35,13.1,63241
55,2,36,13.6,63349
55,2,37,14.2,63339
55,2,38,14.5,63329
55,2,39,15,63319
55,2,40,15.5,66109
55,2,41,16,66339
55,2,42,16.6,66349
55,2,43,16.9,54309
55,2,44,17.5,54299
55,2,45,17.9,54389
55,2,46,18.3,54379
55,2,47,18.7,54609
55,2,48,19.3,54531
55,2,49,19.6,53241
55,2,50,20.2,53231
55,2,51,20.7,53229
55,2,52,21.1,53009
55B,1,1,0,53009
55B,1,2,0.6,53221
55B,1,3,1,53239
55B,1,4,1.5,53249
55B,1,5,1.9,54539
55B,1,6,2.6,54601
55B,1,7,3,54371
55B,1,8,3.4,54381
56,1,1,0,53009
56,1,2,0.7,53279
56,1,3,1,53289
56,1,4,1.5,53251
56,1,5,1.9,53221
56,1,6,2.2,53211
56,1,7,2.6,52021
56,1,8,2.9,52031
56,1,9,3.8,52361
56,1,10,4.4,52279
56,1,11,5,52239
56,1,12,5.3,52189
56,1,13,6.4,52079
56,1,14,7.3,50059
56,1,15,7.5,50049
56,1,16,8,50038
56,1,17,8.4,50029
56,1,18,9,50019
56,1,19,9.2,40109
56,1,20,9.7,40019
56,1,21,10.1,07539
56,1,22,10.7,07518
56,1,23,10.9,07569
56,1,24,11.3,01639
56,1,25,11.7,01619
56,1,26,12.3,02089
56,1,27,12.6,02099
56,2,1,0,02099
56,2,2,0.4,02101
56,2,3,0.8,02051
56,2,4,1.1,02061
56,2,5,1.9,01611
56,2,6,2.1,01631
56,2,7,2.5,07561
56,2,8,2.8,07571
56,2,9,3.2,07021
56,2,10,3.7,40011
56,2,11,4.3,40101
56,2,12,4.5,50011
56,2,13,5.2,50021
56,2,14,5.7,50031
56,2,15,6,50041
56,2,16,6.2,50051
56,2,17,6.5,51011
56,2,18,7.4,52071
56,2,19,8,52181
56,2,20,8.2,52231
56,2,21,8.8,52271
56,2,22,9.4,52369
56,2,23,10,52039
56,2,24,10.8,53219
56,2,25,11.3,53229
56,2,26,11.6,53259
56,2,27,12,53281
56,2,28,12.3,53271
56,2,29,12.9,53009
57,1,1,0,53009
57,1,2,0.6,53221
57,1,3,0.9,53211
57,1,4,1.3,52021
57,1,5,1.6,52031
57,1,6,2.5,52361
57,1,7,2.7,52351
57,1,8,3,52341
57,1,9,3.4,52331
57,1,10,3.8,52321
57,1,11,4.1,52501
57,1,12,5.4,52079
57,1,13,6.3,50059
57,1,14,6.5,50049
57,1,15,7,50038
57,1,16,7.4,50029
57,1,17,8,50019
57,1,18,8.2,40109
57,1,19,8.7,40019
57,1,20,9.1,07539
57,1,21,9.5,07589
57,1,22,9.8,01559
57,1,23,10.2,01519
57,1,24,10.6,01629
57,1,25,11,01619
57,1,26,11.3,02119
57,1,27,12.3,03019
57,1,28,12.6,03059
57,1,29,13,03129
57,1,30,13.3,03217
57,1,31,14.2,05649
57,1,32,14.5,14061
57,1,33,15,14071
57,1,34,15.4,14081
57,1,35,15.8,14101
57,1,36,16.6,14141
57,1,37,16.9,14121
57,1,38,17.3,14131
57,1,39,17.8,14151
57,1,40,18.2,14161
57,1,41,18.6,14171
57,1,42,19.3,15041
57,1,43,19.6,15051
57,1,45,20.3,14369
57,1,46,20.7,14219
57,1,47,21,14209
57,1,48,21.4,14199
57,1,49,22.1,10331
57,1,50,22.4,10009
57,2,1,0,10009
57,2,2,0.4,10339
57,2,3,0.6,14241
57,2,4,1.4,14191
57,2,5,1.7,14201
57,2,6,2,14471
57,2,7,2.2,14211
57,2,8,2.6,18019
57,2,9,3.1,15059
57,2,10,3.4,15049
57,2,11,3.8,14189
57,2,12,4.1,14179
57,2,13,4.5,14169
57,2,14,5,14159
57,2,15,5.4,14139
57,2,16,5.9,14129
57,2,17,6.2,14119
57,2,18,6.9,14109
57,2,19,7.3,14089
57,2,20,8.1,14069
57,2,21,8.7,05641
57,2,22,9.4,03223
57,2,23,9.8,03151
57,2,24,10.3,03021
57,2,25,10.9,03011
57,2,26,11.5,02111
57,2,27,12.1,01611
57,2,28,12.3,01621
57,2,29,12.6,01541
57,2,30,13,07551
57,2,31,13.3,07531
57,2,32,13.7,40011
57,2,33,14.3,40101
57,2,34,14.5,50011
57,2,35,15.2,50021
57,2,36,15.7,50031
57,2,37,16,50041
57,2,38,16.2,50051
57,2,39,16.5,51011
57,2,40,17.4,52071
57,2,41,18.2,52509
57,2,42,18.5,52329
57,2,43,18.9,52339
57,2,44,19.3,52349
57,2,45,19.9,52369
57,2,46,20.5,52039
57,2,47,21.3,53219
57,2,48,21.8,53229
57,2,49,22.2,53009
58,1,1,0,53009
58,1,2,0.6,53221
58,1,3,1,53239
58,1,4,1.5,53249
58,1,5,1.9,54539
58,1,6,2.6,54101
58,1,7,3.5,66091
58,1,8,4.4,66391
58,1,9,4.6,66401
58,1,10,5,66411
58,1,11,5.3,66389
58,1,12,5.7,62131
58,1,13,6.1,62141
58,1,14,6.5,62059
58,1,15,6.9,62049
58,1,16,7.1,62039
58,1,17,7.5,62029
58,1,18,7.7,62019
58,1,19,8,70309
58,1,20,8.2,70299
58,1,21,8.5,70289
58,1,22,9,70279
58,1,23,9.3,70091
58,1,24,9.7,70081
58,1,25,10.2,70071
58,1,26,10.5,71081
58,1,27,11.1,72059
58,1,28,11.5,72049
58,1,29,11.8,72039
58,1,30,12.1,84709
58,1,31,12.6,84489
58,1,32,14.8,75401
58,1,33,15.4,75411
58,1,34,15.8,75371
58,1,35,16.1,75291
58,1,36,16.7,75311
58,1,37,17.1,75361
58,1,38,17.4,75351
58,1,39,18,77339
58,1,40,18.3,77279
58,1,41,18.6,77269
58,1,42,19,77259
58,1,43,19.4,77219
58,1,44,19.8,77209
58,1,45,20.2,77199
58,1,46,20.9,77009
58,2,1,0,77009
58,2,2,0.7,77191
58,2,3,1.1,77201
58,2,4,1.4,77211
58,2,5,1.9,77251
58,2,6,2.3,77261
58,2,7,2.6,77271
58,2,8,2.9,77331
58,2,9,3.5,75359
58,2,10,3.9,75369
58,2,11,4.3,75319
58,2,12,4.8,75299
58,2,13,5.1,75379
58,2,14,5.6,75419
58,2,15,6.1,75409
58,2,16,8.4,84481
58,2,17,8.9,84701
58,2,18,9.2,72031
58,2,19,9.5,72041
58,2,20,9.9,72051
58,2,21,10.4,71089
58,2,22,10.8,70079
58,2,23,11.3,70089
58,2,24,11.7,70099
58,2,25,11.9,70271
58,2,26,12.5,70281
58,2,27,12.8,70291
58,2,28,13.1,70301
58,2,29,13.4,62011
58,2,30,13.6,62021
58,2,31,13.8,62031
58,2,32,14.2,62041
58,2,33,14.7,62051
58,2,34,14.9,62149
58,2,35,15.3,62139
58,2,36,15.7,66381
58,2,37,16,66419
58,2,38,16.4,66409
58,2,39,16.8,66399
58,2,40,17.5,66099
58,2,41,18.4,54109
58,2,42,19,54531
58,2,43,19.3,53241
58,2,44,19.9,53231
58,2,45,20.4,53229
58,2,46,20.8,53009
58A,1,1,0,62131
58A,1,2,0.4,62141
58A,1,3,0.8,62059
58A,1,4,1.2,62049
58A,1,5,1.4,62039
58A,1,6,1.8,62029
58A,1,7,2,62019
58A,1,8,2.3,70309
58A,1,9,2.5,70299
58A,1,10,2.8,70289
58A,1,11,3.3,70279
58A,1,12,3.6,70091
58A,1,13,4,70081
58A,1,14,4.5,70071
58A,1,15,4.8,71081
58A,1,16,5.4,72059
58A,1,17,5.8,72049
58A,1,18,6.1,72039
58A,1,19,6.4,84709
58A,1,20,6.9,84489
58A,1,21,9.1,75401
58A,1,22,9.7,75411
58A,1,23,10.1,75371
58A,1,24,10.4,75291
58A,1,25,11,75311
58A,1,26,11.4,75361
58A,1,27,11.7,75351
58B,1,1,0,77009
58B,1,2,0.7,77191
58B,1,3,1.1,77201
58B,1,4,1.4,77211
58B,1,5,1.9,77251
58B,1,6,2.3,77261
58B,1,7,2.6,77271
58B,1,8,2.9,77331
58B,1,9,3.5,75359
58B,1,10,3.9,75369
58B,1,11,4.3,75319
58B,1,12,4.8,75299
58B,1,13,5.1,75379
58B,1,14,8.3,84481
58B,1,15,8.8,84701
58B,1,16,9.1,72031
58B,1,17,9.4,72041
58B,1,18,9.8,72051
58B,1,19,10.3,71089
58B,1,20,10.7,70079
58B,1,21,11.2,70089
58B,1,22,11.6,70099
58B,1,23,11.8,70271
58B,1,24,12.4,70281
59,1,1,0,53009
59,1,2,0.6,53221
59,1,3,0.9,53211
59,1,4,1.3,52021
59,1,5,1.6,52031
59,1,6,2.5,52361
59,1,7,2.9,52449
59,1,8,3.1,52179
59,1,9,3.5,52169
59,1,10,3.7,52159
59,1,11,3.9,52149
59,1,12,4.3,52139
59,1,13,5,52509
59,1,14,5.3,52329
59,1,17,12.1,72011
59,1,18,12.4,71099
59,1,19,13,72059
59,1,20,13.4,72049
59,1,21,13.7,72039
59,1,22,14,84709
59,1,23,14.5,84489
59,1,24,14.9,84461
59,1,25,15.3,84471
59,1,26,15.7,84621
59,1,27,16.1,84611
59,1,28,16.3,84631
59,1,29,16.5,84601
59,1,30,16.9,75341
59,1,31,17.3,75061
59,1,32,18,75051
59,1,33,18.7,76071
59,1,34,19.2,76081
59,1,35,19.6,76091
59,1,36,20,76101
59,1,37,20.2,76031
59,1,38,20.6,76231
59,1,39,20.9,76241
59,1,40,21.5,98011
59,1,41,21.9,98021
59,1,42,22.3,98031
59,1,43,22.6,98041
59,1,44,22.9,98231
59,1,45,23.2,98051
59,1,46,23.8,98061
59,1,47,24.2,98071
59,1,48,24.6,99011
59,1,49,25,99021
59,1,50,25.3,99031
59,1,51,25.7,99041
59,1,52,26,99139
59,1,53,26.3,99009
59,2,1,0,99009
59,2,2,0.2,99131
59,2,3,0.5,99049
59,2,4,0.9,99039
59,2,5,1.2,99029
59,2,6,1.6,99019
59,2,7,2.2,98079
59,2,8,2.6,98069
59,2,9,3,98059
59,2,10,3.3,98239
59,2,11,3.6,98049
59,2,12,4,98039
59,2,13,4.5,98029
59,2,14,4.9,98019
59,2,15,5.5,76249
59,2,16,5.8,76239
59,2,17,6.1,76039
59,2,18,6.4,76109
59,2,19,6.8,76099
59,2,20,7.2,76089
59,2,21,7.6,76079
59,2,22,8.3,75059
59,2,23,9,75069
59,2,24,9.4,75349
59,2,25,9.7,84609
59,2,26,10,84639
59,2,27,10.2,84619
59,2,28,10.5,84629
59,2,29,10.8,84479
59,2,30,11.2,84469
59,2,31,11.8,84481
59,2,32,12.3,84701
59,2,33,12.6,72031
59,2,34,12.9,72041
59,2,35,13.3,72051
59,2,36,13.8,71091
59,2,37,14.2,72019
59,2,40,21.2,52321
59,2,41,21.5,52501
59,2,42,22.2,52131
59,2,43,22.7,52141
59,2,44,22.9,52151
59,2,45,23.3,52161
59,2,46,23.6,52171
59,2,47,23.8,52441
59,2,48,24.2,52369
59,2,49,24.8,52039
59,2,50,25.6,53219
59,2,51,26.1,53229
59,2,52,26.5,53009
5N,1,1,0,02099
5N,1,2,0.4,02101
5N,1,3,0.8,02051
5N,1,4,1.1,02061
5N,1,5,2.1,04167
5N,1,6,2.4,04249
5N,1,7,2.8,05029
5N,1,8,3.4,04222
5N,1,9,3.7,04211
5N,1,10,4,04331
5N,1,11,4.3,13109
5N,1,12,4.6,13211
5N,1,13,5.2,06151
5N,1,14,5.7,06141
5N,1,15,6,06131
5N,1,16,6.3,13121
5N,1,17,6.7,13141
5N,1,18,7.3,13191
5N,1,19,8,09048
5N,1,20,8.6,09038
5N,1,21,9,08138
5N,1,22,9.4,08057
5N,1,23,9.9,08079
5N,1,24,10.1,07011
5N,1,25,10.5,07021
5N,1,26,11,40011
5N,1,28,15.7,41119
5N,1,29,16,41109
5N,1,30,16.4,11119
5N,1,31,16.7,11109
5N,1,32,17,11099
5N,1,33,17.6,11231
5N,1,34,18.4,11261
5N,1,37,22.1,17249
5N,1,38,22.6,17161
5N,1,39,23,17171
5N,1,40,23.3,17181
5N,1,41,23.6,20101
5N,1,44,26.9,28311
5N,1,45,27.6,28321
5N,1,46,28,28331
5N,1,47,28.5,28451
5N,1,48,28.9,28461
5N,1,49,29.4,28491
5N,1,50,29.8,28501
5N,1,51,30.2,28511
5N,1,52,30.5,28521
5N,1,53,30.8,28401
5N,1,54,31.1,28531
5N,1,55,31.7,21249
5N,1,56,32.1,21429
5N,1,57,32.5,21391
5N,1,58,32.8,21369
5N,1,59,33.9,22491
5N,1,60,34.3,22501
5N,1,61,34.6,22511
5N,1,62,34.9,22531
5N,1,63,35.2,22231
5N,1,64,35.5,22359
5N,1,65,36,27331
5N,1,66,36.3,27341
5N,1,67,36.7,27351
5N,1,68,37,27361
5N,1,69,37.4,27271
5N,1,70,37.7,27131
5N,1,71,38.2,27141
5N,1,72,38.6,27159
6,1,1,0,77009
6,1,2,0.8,78109
6,1,3,1.3,78119
6,1,4,1.8,78129
6,1,5,2.2,78139
6,1,6,2.6,78149
6,1,7,2.9,98109
6,1,8,3.3,98031
6,1,9,3.6,98041
6,1,10,4,98121
6,1,11,4.3,98131
6,1,12,4.6,98141
6,1,13,4.8,98151
6,1,14,5.1,98161
6,1,15,5.3,98171
6,1,16,5.6,98181
6,1,17,5.9,98199
6,1,18,6.2,98209
6,1,19,6.4,98219
6,1,20,6.7,98229
6,1,21,7,98149
6,1,22,7.3,98139
6,1,23,7.6,98129
6,1,24,8,98049
6,1,25,8.4,98039
6,1,26,8.9,98101
6,1,27,9.3,78141
6,1,28,9.7,78131
6,1,29,10.1,78121
6,1,30,10.6,78111
6,1,31,11,78101
6,1,32,11.6,77009
60,1,1,0,82009
60,1,2,0.5,82061
60,1,3,0.9,83101
60,1,4,1.2,83111
60,1,5,1.7,72011
60,1,6,2.1,72021
60,1,7,2.6,72061
60,1,8,2.8,72071
60,1,9,3.4,84501
60,1,10,3.8,84511
60,1,11,4.2,84499
60,1,12,4.8,84489
60,1,13,5.2,84459
60,1,14,5.4,84539
60,1,15,6.4,84361
60,1,16,6.8,84309
60,1,17,7.4,84009
60,1,18,8,84301
60,1,19,8.4,84369
60,1,20,9.5,84451
60,1,21,10,84481
60,1,22,10.5,84491
60,1,23,10.8,84501
60,1,24,11.2,84511
60,1,25,11.4,72079
60,1,26,11.7,72069
60,1,27,12.1,72029
60,1,28,12.5,72019
60,1,29,13.2,83119
60,1,30,13.4,83109
60,1,31,14.1,82069
60,1,32,14.6,82221
60,1,33,15.2,82009
60A,1,1,0,82009
60A,1,2,0.5,82061
60A,1,3,0.9,83101
60A,1,4,1.2,83111
60A,1,5,1.7,72011
60A,1,6,2.1,72021
60A,1,7,2.6,72061
60A,1,8,2.8,72071
60A,1,9,3.4,84501
60A,1,10,3.8,84511
61,1,1,0,43009
61,1,2,0.6,43179
61,1,3,1,43189
61,1,4,1.4,43199
61,1,5,1.9,43209
61,1,6,2.4,42199
61,1,7,2.7,42189
61,1,8,3,42179
61,1,9,3.4,42169
61,1,10,3.6,42159
61,1,11,3.9,42259
61,1,12,4.3,42089
61,1,13,4.8,42149
61,1,14,5.4,12109
61,1,15,5.8,12099
61,1,16,6,12089
61,1,17,6.5,12079
61,1,18,6.8,12069
61,1,19,7.1,12119
61,1,20,7.3,12059
61,1,21,7.6,12049
61,1,22,8,12039
61,1,23,8.3,12029
61,1,24,8.7,11299
61,1,25,9.1,11289
61,1,26,9.4,11279
61,1,27,9.9,11269
61,1,28,10.2,11419
61,1,29,10.7,11409
61,1,30,10.9,11179
61,1,31,11.5,11169
61,1,32,12.2,11161
61,1,33,12.7,11459
61,1,34,13,11449
61,1,36,14.1,11059
61,1,37,14.5,11049
61,1,38,14.9,11039
61,1,39,15.3,11029
61,1,40,15.9,11519
61,1,41,16.6,18019
61,1,42,17.1,15059
61,1,43,17.4,15049
61,1,44,17.8,14189
61,1,45,18.1,14179
61,1,46,18.5,14169
61,1,47,19,14159
61,1,48,19.4,14139
61,1,49,19.9,14129
61,1,50,20.2,14119
61,1,51,20.8,14011
61,1,52,21.4,14239
61,1,53,21.7,14229
61,1,54,22.2,10391
61,1,55,22.6,10049
61,1,56,23,10017
61,1,57,23.1,10018
61,1,58,23.9,05013
61,1,59,24.3,05023
61,1,60,24.6,04222
61,1,61,25.1,04142
61,1,62,25.6,01012
61,1,63,26.2,01113
61,1,64,26.6,01121
61,1,65,26.9,01211
61,1,66,27.2,01311
61,1,67,27.5,07371
61,1,68,28.1,60011
61,1,69,28.7,60021
61,1,70,29.2,60031
61,1,71,29.5,60229
61,1,72,30,60159
61,1,74,31.1,60161
61,1,75,31.8,60211
61,1,76,32.2,70101
61,1,77,32.6,70111
61,1,78,33.1,70039
61,1,79,33.4,70151
61,1,80,33.7,70161
61,1,81,34.1,70171
61,1,82,34.3,70181
61,1,83,34.5,70191
61,1,84,34.7,70371
61,1,85,35,71161
61,1,86,35.3,71151
61,1,87,35.6,71141
61,1,88,35.9,71121
61,1,89,36.2,71131
61,1,90,36.5,71091
61,1,91,36.9,72019
61,1,92,37.6,83119
61,1,93,37.8,83109
61,1,94,38.5,82069
61,1,95,39,82221
61,1,97,39.6,82009
61,2,1,0,82009
61,2,2,0.5,82061
61,2,3,0.9,83101
61,2,4,1.2,83111
61,2,5,1.7,72011
61,2,6,2,71099
61,2,7,2.4,71139
61,2,8,2.7,71129
61,2,9,3,71149
61,2,10,3.3,71159
61,2,11,3.6,71169
61,2,12,3.9,70379
61,2,13,4.1,70201
61,2,14,4.5,70211
61,2,15,5,70221
61,2,17,5.4,70231
61,2,18,5.7,70241
61,2,19,6,70021
61,2,20,6.3,70031
61,2,21,6.7,70119
61,2,22,7.1,70109
61,2,23,7.5,60219
61,2,24,7.9,60179
61,2,25,8.5,60221
61,2,26,8.8,60039
61,2,27,9.3,60029
61,2,28,9.8,60019
61,2,29,10.1,07369
61,2,30,10.3,07379
61,2,31,10.6,01339
61,2,32,11,01329
61,2,33,11.5,01229
61,2,34,11.9,01139
61,2,35,12.2,01039
61,2,36,12.4,01029
61,2,37,12.9,04167
61,2,38,13.2,04249
61,2,39,13.6,05029
61,2,40,14,05199
61,2,41,14.3,05189
61,2,42,14.7,05259
61,2,43,14.9,05239
61,2,44,15.3,10021
61,2,45,15.7,10041
61,2,46,16.2,10399
61,2,47,16.6,14221
61,2,48,17,14231
61,2,49,17.4,14019
61,2,50,18.1,14141
61,2,51,18.4,14121
61,2,52,18.8,14131
61,2,53,19.3,14151
61,2,54,19.7,14161
61,2,55,20.1,14171
61,2,56,20.8,15041
61,2,57,21.1,15051
61,2,58,21.6,18011
61,2,59,22.2,11511
61,2,60,22.7,11021
61,2,61,23,11031
61,2,62,23.9,11441
61,2,63,24.2,11451
61,2,64,24.9,11171
61,2,65,25.4,11401
61,2,66,25.9,11261
61,2,67,26.5,11271
61,2,68,26.8,11281
61,2,69,27.2,11291
61,2,70,27.6,12021
61,2,71,28,12031
61,2,72,28.4,12041
61,2,73,28.7,12051
61,2,74,28.9,12111
61,2,75,29.4,12061
61,2,76,29.7,12071
61,2,77,30.2,12081
61,2,78,30.6,12091
61,2,79,31,12101
61,2,80,31.4,42141
61,2,81,31.8,42071
61,2,82,32.1,42151
61,2,83,32.4,42161
61,2,84,32.8,42171
61,2,85,33.1,42181
61,2,86,33.5,42191
61,2,87,33.8,43201
61,2,88,34.4,43191
61,2,89,34.8,43181
61,2,90,35.2,43171
61,2,91,35.7,43009
62,1,1,0,65009
62,1,2,0.5,65201
62,1,3,0.9,65151
62,1,4,1.2,65161
62,1,5,1.7,65171
62,1,6,2.2,65529
62,1,7,2.9,67529
62,1,8,3.3,67519
62,1,9,3.6,67509
62,1,10,4.3,64409
62,1,11,4.7,64069
62,1,12,5.3,64071
62,1,13,5.8,64039
62,1,14,6.2,64371
62,1,15,6.5,64381
62,1,16,6.8,64391
62,1,17,7.1,63351
62,1,18,7.5,63341
62,1,19,8.1,63249
62,1,20,8.6,63139
62,1,21,9.2,63261
62,1,22,9.5,63271
62,1,23,9.8,63281
62,1,24,10.2,63291
62,1,25,10.5,63301
62,1,26,10.8,62221
62,1,27,11.4,62049
62,1,28,11.6,62039
62,1,29,12,62029
62,1,30,12.2,62019
62,1,31,12.5,70309
62,1,32,12.7,70299
62,1,33,13,70289
62,1,34,13.5,70149
62,1,35,13.9,70139
62,1,36,14.2,70129
62,1,37,14.6,70039
62,1,38,14.9,70029
62,1,39,15.3,70019
62,1,40,15.7,81099
62,1,41,16.1,81089
62,1,42,16.6,80089
62,1,43,17,80069
62,1,44,17.5,80049
62,1,45,17.9,80051
62,1,46,18.3,80071
62,1,47,18.8,80091
62,1,48,19,81081
62,1,49,19.4,81091
62,1,50,19.8,70011
62,1,51,20.2,70021
62,1,52,20.5,70031
62,1,53,21,70121
62,1,54,21.4,70131
62,1,55,21.7,70141
62,1,56,22.1,70281
62,1,57,22.4,70291
62,1,58,22.7,70301
62,1,59,23,62011
62,1,60,23.2,62021
62,1,61,23.4,62031
62,1,62,23.8,62041
62,1,63,24.5,62229
62,1,64,24.9,63309
62,1,65,25.2,63299
62,1,66,25.5,63289
62,1,67,25.8,63279
62,1,68,26.1,63269
62,1,69,26.6,63131
62,1,70,27.2,63241
62,1,71,27.7,63349
62,1,72,28.2,63359
62,1,73,28.5,64399
62,1,74,28.9,64389
62,1,75,29.2,64379
62,1,76,29.5,64031
62,1,77,30,64079
62,1,78,30.6,64061
62,1,79,31.1,64401
62,1,80,31.7,67501
62,1,81,32.1,67511
62,1,82,32.4,67521
62,1,83,33,65521
62,1,84,33.6,65179
62,1,85,34,65169
62,1,86,34.5,65159
62,1,87,34.9,65209
62,1,88,35.4,65009
62A,1,1,0,65009
62A,1,2,0.5,65201
62A,1,3,0.9,65151
62A,1,4,1.2,65161
62A,1,5,1.7,65171
62A,1,6,2.2,65529
62A,1,7,2.9,67529
62A,1,8,3.3,67519
62A,1,9,3.6,67509
62A,1,10,4.3,64409
62A,1,11,4.7,64069
62A,1,12,5.3,64071
62A,1,13,5.8,64039
62A,1,14,6.2,64371
62A,1,15,6.5,64381
62A,1,16,6.8,64391
62A,1,17,7.1,63351
62A,1,18,7.5,63341
62A,1,19,8.1,63249
62A,1,20,8.6,63139
62A,1,21,9.2,63261
62A,1,22,9.5,63271
62A,1,23,9.8,63281
62A,1,24,10.2,63291
62A,1,25,10.5,63301
62A,1,26,10.8,62221
62A,1,27,11.4,62049
62A,1,28,11.6,62039
62A,1,29,12,62029
62A,1,30,12.2,62019
62A,1,31,12.5,70309
62A,1,32,12.7,70299
62A,1,33,13,70289
62A,1,34,13.5,70149
62A,1,35,13.9,70139
62A,1,36,14.2,70129
62A,1,37,14.6,70039
62A,1,38,14.9,70029
62A,1,39,15.3,70019
62A,1,40,15.7,81099
62A,1,41,16,81089
63,1,1,0,82009
63,1,2,0.5,82061
63,1,3,0.9,83101
63,1,4,1.2,83111
63,1,5,1.7,72011
63,1,6,2,71099
63,1,7,2.4,71139
63,1,8,2.9,71101
63,1,9,3.3,71111
63,1,10,3.7,71201
63,1,11,4,71211
63,1,12,4.3,71221
63,1,13,4.5,71169
63,1,14,4.8,70379
63,1,15,5,70201
63,1,16,5.4,70211
63,1,17,5.9,70221
63,1,18,6.3,70231
63,1,19,6.6,70241
63,1,20,7,70019
63,1,21,7.4,81099
63,1,22,7.8,81089
63,1,23,8.3,80089
63,1,24,8.7,80069
63,1,25,9.2,80049
63,1,26,9.4,80039
63,1,27,9.9,80029
63,1,28,10.4,01339
63,1,29,10.8,01329
63,1,30,11.3,01229
63,1,31,11.7,01139
63,1,32,12,01039
63,1,33,12.2,01029
63,1,34,12.8,04168
63,1,35,13,04249
63,1,36,13.4,05029
63,1,38,14,05131
63,1,39,14.4,05039
63,1,40,14.7,05019
63,1,41,15.2,06011
63,1,42,15.8,06051
63,1,43,16.1,10141
63,1,44,16.5,10151
63,1,45,16.7,10161
63,1,46,17.1,10171
63,1,47,17.4,10181
63,1,48,17.6,10191
63,1,49,17.8,10481
63,1,50,18,10459
63,1,51,18.5,10429
63,1,52,18.7,10419
63,1,53,18.9,10409
63,1,54,19.3,10599
63,1,55,19.7,10401
63,1,56,19.9,10411
63,1,57,20.2,10421
63,1,58,20.6,10451
63,1,59,20.7,10489
63,1,60,20.9,10199
63,1,61,21.2,10189
63,1,62,21.5,10179
63,1,63,22,10169
63,1,64,22.6,10149
63,1,65,23,06049
63,1,66,23.5,06029
63,1,67,24.3,05013
63,1,68,24.7,05023
63,1,69,25,04222
63,1,70,25.5,04142
63,1,71,26,01012
63,1,72,26.5,01112
63,1,73,27.1,01121
63,1,74,27.4,01211
63,1,75,27.7,01311
63,1,76,28.3,80011
63,1,77,28.8,80031
63,1,78,29.1,80051
63,1,79,29.5,80071
63,1,80,30,80091
63,1,81,30.2,81081
63,1,82,30.6,81091
63,1,83,31,70011
63,1,84,31.6,70151
63,1,85,31.9,70161
63,1,86,32.3,70171
63,1,87,32.5,70181
63,1,88,32.7,70191
63,1,89,32.9,70371
63,1,90,33.2,71161
63,1,91,33.4,71229
63,1,92,33.7,71219
63,1,93,34,71209
63,1,94,34.4,71119
63,1,95,34.8,71109
63,1,96,35.4,71131
63,1,97,35.7,71091
63,1,98,36.1,72019
63,1,99,36.8,83119
63,1,100,37,83109
63,1,101,37.7,82069
63,1,102,38.2,82221
63,1,103,38.8,82009
63M,1,1,0,82009
63M,1,2,0.5,82061
63M,1,3,0.9,83101
63M,1,4,1.2,83111
63M,1,5,1.7,72011
63M,1,6,2,71099
63M,1,7,2.3,71139
63M,1,8,2.8,71101
63M,1,9,3.2,71111
63M,1,10,3.6,71201
63M,1,11,3.9,71211
63M,1,12,4.2,71221
63M,1,13,4.4,71169
63M,1,14,4.7,70379
63M,1,15,4.9,70201
63M,1,16,5.3,70211
63M,1,17,5.8,70221
63M,1,18,6,70171
63M,1,19,6.2,70181
63M,1,20,6.4,70191
63M,1,21,6.6,70371
63M,1,22,6.9,71161
63M,1,23,7.1,71229
63M,1,24,7.4,71219
63M,1,25,7.7,71209
63M,1,26,8.1,71119
63M,1,27,8.5,71109
63M,1,28,9.1,71131
63M,1,29,9.4,71091
63M,1,30,9.8,72019
63M,1,31,10.5,83119
63M,1,32,10.7,83109
63M,1,33,11.4,82069
63M,1,34,11.9,82221
63M,1,35,12.6,82009
64,1,1,0,80289
64,1,2,0.2,80249
64,1,3,0.4,80231
64,1,4,0.7,81091
64,1,5,1.1,70011
64,1,6,1.5,70021
64,1,7,1.8,70031
64,1,8,2.2,70119
64,1,9,2.6,70109
64,1,10,3,60219
64,1,11,3.4,60179
64,1,12,3.6,60159
64,1,13,3.9,60139
64,1,14,4.4,60119
64,1,15,4.9,60099
64,1,16,5.2,07329
64,1,17,5.5,07319
64,1,18,6,07419
64,1,19,6.3,07529
64,1,20,6.8,07517
64,1,21,7,04029
64,1,22,7.5,08041
64,1,24,8.2,08019
64,1,25,8.7,04329
64,1,26,9.3,06161
64,1,27,9.6,06151
64,1,28,10.1,06141
64,1,29,10.4,10221
64,1,30,10.8,10231
64,1,31,11.2,10389
64,1,32,11.7,10171
64,1,33,12,10181
64,1,34,12.2,10191
64,1,35,12.5,10201
64,1,36,12.9,10281
64,1,37,13.3,10291
64,1,38,13.9,11541
64,1,39,14.2,11551
64,1,40,14.4,11561
64,1,41,14.7,11579
64,1,42,14.8,11589
64,1,43,15,11599
64,1,44,15.3,11609
64,1,45,15.5,11029
64,1,46,16,11521
64,1,47,16.4,11531
64,1,48,16.9,10299
64,1,49,17.7,10209
64,1,50,18,10199
64,1,51,18.3,10189
64,1,52,18.6,10179
64,1,53,19,10381
64,1,54,19.5,10239
64,1,55,19.8,10229
64,1,56,20.1,06149
64,1,57,20.4,06159
64,1,58,20.8,06169
64,1,59,21.4,04321
64,1,60,21.7,04311
64,1,61,21.9,08011
64,1,62,22.7,08058
64,1,63,23,08079
64,1,64,23.2,07011
64,1,65,23.6,07021
64,1,66,23.8,07031
64,1,67,24.2,07111
64,1,68,24.8,07211
64,1,69,25.1,07221
64,1,70,25.5,60101
64,1,71,25.8,60121
64,1,72,26.2,60141
64,1,73,26.5,60161
64,1,74,27.2,60211
64,1,75,27.6,70101
64,1,76,28,70111
64,1,77,28.5,70039
64,1,78,28.8,70029
64,1,79,29.2,70019
64,1,80,29.9,80239
64,1,81,30.2,80229
64,1,82,30.5,80289
65,1,1,0,75009
65,1,2,0.6,76059
65,1,3,1.1,76069
65,1,4,1.8,75059
65,1,5,2.5,75069
65,1,6,2.9,75349
65,1,7,3.2,84609
65,1,8,3.5,84639
65,1,9,3.7,84619
65,1,10,4,84629
65,1,11,4.3,84479
65,1,12,4.7,84469
65,1,13,5.3,84481
65,1,14,5.8,84491
65,1,15,6.2,72079
65,1,16,6.5,72069
65,1,17,6.9,72029
65,1,18,7.3,71099
65,1,19,7.7,71139
65,1,20,8,71129
65,1,21,8.3,71149
65,1,22,8.6,71159
65,1,23,8.9,71169
65,1,24,9.2,70379
65,1,25,9.4,70201
65,1,26,9.8,70211
65,1,27,10.3,70221
65,1,28,10.7,70231
65,1,29,11,70241
65,1,30,11.3,70021
65,1,31,11.6,70031
65,1,32,12,70119
65,1,33,12.4,70109
65,1,34,12.8,60219
65,1,35,13.2,60179
65,1,36,13.4,60159
65,1,37,13.7,60139
65,1,38,14.2,60119
65,1,39,14.7,60099
65,1,40,15,07329
65,1,41,15.3,07319
65,1,42,15.8,07419
65,1,43,16.1,07529
65,1,44,16.6,07517
65,1,45,16.8,04029
65,1,46,17.3,08041
65,1,47,17.6,08031
65,1,48,18.1,08111
65,1,49,18.4,08121
65,1,50,18.7,09059
65,1,51,19.2,09022
65,1,52,19.6,13199
65,1,53,20.1,13159
65,1,54,20.6,13069
65,1,55,20.9,13059
65,1,56,21.1,10519
65,1,57,21.4,10389
65,1,58,22,10379
65,1,59,22.4,10369
65,1,60,22.8,14039
65,1,61,23.3,14029
65,1,62,23.8,14019
65,1,63,24.5,14141
65,1,64,25.2,14009
65,2,1,0,14009
65,2,2,0.4,14129
65,2,3,0.7,14119
65,2,4,1.3,14011
65,2,5,1.7,14021
65,2,6,1.9,14379
65,2,7,2.3,14031
65,2,8,2.8,10361
65,2,9,3.2,10371
65,2,10,3.8,10381
65,2,11,4.3,13051
65,2,12,4.7,13063
65,2,13,5,13141
65,2,14,5.6,13191
65,2,15,6.3,09048
65,2,16,6.9,09038
65,2,17,7.3,08138
65,2,18,7.8,08058
65,2,19,8.1,08079
65,2,20,8.3,07011
65,2,21,8.7,07021
65,2,22,8.9,07031
65,2,23,9.3,07111
65,2,24,9.9,07211
65,2,25,10.2,07221
65,2,26,10.6,60101
65,2,27,10.9,60121
65,2,28,11.3,60141
65,2,29,11.6,60161
65,2,30,12.3,60211
65,2,31,12.7,70101
65,2,32,13.1,70111
65,2,33,13.6,70039
65,2,34,13.9,70151
65,2,35,14.2,70161
65,2,36,14.6,70171
65,2,37,14.8,70181
65,2,38,15,70191
65,2,39,15.2,70371
65,2,40,15.5,71161
65,2,41,15.8,71151
65,2,42,16.1,71141
65,2,43,16.4,71121
65,2,44,16.7,71131
65,2,45,17,71091
65,2,46,17.4,72021
65,2,47,17.9,72061
65,2,48,18.1,72071
65,2,49,18.6,84499
65,2,50,19.2,84489
65,2,51,19.6,84461
65,2,52,20,84471
65,2,53,20.4,84621
65,2,54,20.8,84611
65,2,55,21,84631
65,2,56,21.2,84601
65,2,57,21.6,75341
65,2,58,22,75061
65,2,59,22.7,75051
65,2,60,23.3,76061
65,2,61,23.8,76051
65,2,62,24.4,75009
651,1,1,0,27461
651,1,2,0.3,27451
651,1,3,0.7,27441
651,1,4,1.1,27381
651,1,5,1.3,27391
651,1,6,1.6,27409
651,1,7,1.8,27419
651,1,8,2.3,27429
651,1,9,2.6,22239
651,1,10,2.8,22539
651,1,11,23.5,03241
651,1,12,24,03111
651,1,13,24.3,03071
651,1,14,24.9,03381
651,1,15,25.1,03391
651,2,1,0,03539
651,2,2,0.4,03529
651,2,3,1,03129
651,2,4,1.5,03218
651,2,5,22.6,22531
651,2,6,22.9,22231
651,2,7,23.2,27421
651,2,8,23.7,27411
651,2,9,24,27401
651,2,10,24.4,27399
651,2,11,24.6,27389
651,2,12,25,27449
651,2,13,25.5,27459
651,2,14,25.7,27469
652,1,1,0,56021
652,1,2,0.5,56031
652,1,3,0.8,56191
652,1,4,1.2,56201
652,1,5,1.6,55129
652,1,6,2,55119
652,1,7,2.3,54209
652,1,8,2.6,54199
652,1,9,3.1,54189
652,1,10,3.5,54221
652,1,11,3.8,54231
652,1,12,5.1,54271
652,1,13,5.4,54281
652,1,14,5.9,54389
652,1,15,6.3,54379
652,1,16,6.7,54609
652,1,18,15.1,08057
652,1,19,15.6,08069
652,1,20,15.9,04179
652,1,21,16.3,02049
652,1,22,16.7,02119
652,1,23,17.7,03019
652,1,24,18,03059
652,1,25,18.4,03129
652,1,26,18.9,03218
652,2,1,0,03241
652,2,2,0.5,03111
652,2,3,0.8,03071
652,2,4,1.1,03031
652,2,5,1.7,03011
652,2,6,2.3,02111
652,2,7,2.8,04111
652,2,8,3.2,04121
652,2,9,3.5,08041
652,2,10,3.8,08031
652,2,12,12.3,54601
652,2,13,12.7,54371
652,2,14,13.1,54381
652,2,15,13.6,54289
652,2,16,13.9,54279
652,2,17,15,54239
652,2,18,15.4,54229
652,2,19,15.9,54181
652,2,20,16.3,54191
652,2,21,16.6,54201
652,2,22,16.9,55111
652,2,23,17.3,55121
652,2,24,17.7,56209
652,2,25,18,56199
652,2,26,18.3,56039
652,2,27,18.7,56029
653,1,1,0,43811
653,1,2,0.4,43821
653,1,3,1.8,43279
653,1,4,2.1,43268
653,1,5,2.5,43259
653,1,6,2.7,43249
653,1,7,3.1,43239
653,1,8,3.3,43449
653,1,9,3.6,43439
653,1,10,3.9,43429
653,1,11,4.3,43179
653,1,12,4.7,43189
653,1,13,5.1,43619
653,1,14,5.3,43629
653,1,15,5.7,42319
653,1,20,20.2,03241
653,1,21,20.7,03111
653,1,22,21,03071
653,1,23,21.6,03381
653,1,24,21.8,03391
653,2,1,0,03539
653,2,2,0.4,03529
653,2,3,1,03129
653,2,4,1.5,03218
653,2,9,15.9,42311
653,2,10,16.3,43621
653,2,11,16.6,43611
653,2,12,16.9,43181
653,2,13,17.3,43171
653,2,14,17.7,43421
653,2,15,18,43431
653,2,16,18.3,43441
653,2,17,18.6,43231
653,2,18,18.9,43241
653,2,19,19.2,43251
653,2,20,19.4,43811
653,2,21,19.8,43821
653,2,22,21.2,43279
653,2,23,21.5,43268
654,1,1,0,67319
654,1,2,0.3,67429
654,1,3,0.9,67439
654,1,4,1.2,67259
654,1,5,1.7,67231
654,1,6,2.1,67221
654,1,7,2.7,67131
654,1,8,3,67141
654,1,9,3.4,67151
654,1,10,19.6,03539
654,1,11,20,03529
654,1,12,20.6,03129
654,1,13,21.1,03218
654,2,1,0,03241
654,2,2,0.5,03111
654,2,3,0.8,03071
654,2,4,1.4,03381
654,2,5,1.6,03391
654,2,6,17.6,67159
654,2,7,18,67139
654,2,8,18.7,67229
654,2,9,19,67239
654,2,10,19.5,67251
654,2,11,19.8,67431
654,2,12,20.4,67421
654,2,13,20.7,67311
655,1,1,0,20129
655,1,2,0.4,20239
655,1,3,0.6,20219
655,1,4,1,20209
655,1,5,1.4,20181
655,1,6,1.6,20191
655,1,7,1.8,20149
655,1,8,2.2,20139
655,1,9,2.7,20289
655,1,10,3.2,20299
655,1,11,3.4,17079
655,1,12,3.7,17069
655,1,13,4.2,17049
655,1,14,4.6,17039
655,1,15,4.9,17389
655,1,16,5.2,17029
655,1,17,5.6,17019
655,1,18,15.7,03241
655,1,19,16.2,03111
655,1,20,16.5,03071
655,1,21,17.1,03381
655,1,22,17.3,03391
655,2,1,0,03539
655,2,2,0.4,03529
655,2,3,1,03129
655,2,4,1.5,03218
655,2,5,11.9,17011
655,2,6,12.2,17021
655,2,7,12.5,17381
655,2,8,12.8,17031
655,2,9,13.1,17041
655,2,10,13.6,17061
655,2,11,13.8,17071
655,2,12,14.2,20291
655,2,13,14.7,20281
655,2,14,15.3,20131
655,2,15,15.7,20141
655,2,16,15.9,20199
655,2,17,16.2,20189
655,2,18,16.7,20201
655,2,19,16.9,20211
655,2,20,17.3,20231
655,2,21,17.8,20121
656,1,1,0,58121
656,1,2,0.6,58401
656,1,3,0.8,58411
656,1,4,1.2,58341
656,1,5,1.6,58311
656,1,6,1.9,58251
656,1,7,2.2,58291
656,1,8,2.7,58391
656,1,14,24.5,08057
656,1,15,25,08069
656,1,16,25.3,04179
656,1,17,25.7,02049
656,1,18,26.1,02119
656,1,19,27.1,03019
656,1,20,27.4,03059
656,1,21,27.8,03129
656,1,22,28.3,03218
656,2,1,0,03241
656,2,2,0.5,03111
656,2,3,0.8,03071
656,2,4,1.1,03031
656,2,5,1.7,03011
656,2,6,2.3,02111
656,2,7,2.8,04111
656,2,8,3.2,04121
656,2,9,3.5,08041
656,2,10,3.8,08031
656,2,16,25.7,58399
656,2,17,26.3,58299
656,2,18,26.5,58259
656,2,19,26.8,58319
656,2,20,27.2,58349
656,2,21,27.6,58419
656,2,22,27.9,58409
656,2,23,28.6,58129
657,1,1,0,28539
657,1,2,0.3,28409
657,1,3,0.6,28529
657,1,4,1.1,28519
657,1,5,1.3,28509
657,1,6,1.8,28499
657,1,7,2.2,28469
657,1,8,2.6,28459
657,1,9,3,28339
657,1,10,3.4,28329
657,1,11,3.8,28631
657,1,12,4.1,28641
657,1,13,4.7,28651
657,1,17,19.1,03241
657,1,18,19.6,03111
657,1,19,19.9,03071
657,1,20,20.5,03381
657,1,21,20.7,03391
657,2,1,0,03539
657,2,2,0.4,03529
657,2,3,1,03129
657,2,4,1.5,03218
657,2,8,16.2,28659
657,2,9,16.9,28649
657,2,10,17.2,28639
657,2,11,17.6,28321
657,2,12,18,28331
657,2,13,18.5,28451
657,2,14,18.9,28461
657,2,15,19.4,28491
657,2,16,19.8,28501
657,2,17,20.2,28511
657,2,18,20.5,28521
657,2,19,20.8,28401
657,2,20,21.1,28531
66,1,1,0,84009
66,1,2,0.9,84359
66,1,3,1.2,84211
66,1,4,1.5,84521
66,1,5,2,84201
66,1,6,2.3,84609
66,1,7,2.6,84639
66,1,8,2.8,84619
66,1,9,3.1,84629
66,1,10,3.4,84479
66,1,11,3.8,84469
66,1,12,4.4,84481
66,1,13,4.9,84491
66,1,14,5.3,72079
66,1,15,5.6,72069
66,1,16,6,72029
66,1,17,6.4,71099
66,1,18,6.8,71139
66,1,19,7.1,71129
66,1,20,7.4,71149
66,1,21,7.7,71159
66,1,22,8,71169
66,1,23,8.3,70379
66,1,24,8.5,70201
66,1,25,8.9,70211
66,1,26,9.4,70221
66,1,27,9.8,70231
66,1,28,10.1,70241
66,1,29,10.4,70021
66,1,30,10.7,70031
66,1,31,11.1,70119
66,1,32,11.5,70109
66,1,33,11.9,60219
66,1,34,12.3,60179
66,1,35,12.5,60159
66,1,36,12.8,60139
66,1,37,13.3,60119
66,1,38,13.8,60099
66,1,39,14.1,07329
66,1,40,14.4,07319
66,1,41,14.9,07419
66,1,42,15.5,07531
66,1,43,15.9,40011
66,1,44,16.4,40271
66,1,45,16.9,40021
66,1,46,17.2,40031
66,1,47,17.6,40041
66,1,48,18,40051
66,1,49,18.4,40111
66,1,50,18.8,40071
66,1,51,19.2,40081
66,1,52,19.5,40091
66,1,53,20,41011
66,1,54,20.4,41021
66,1,55,20.8,41031
66,1,56,21,41041
66,1,57,21.4,41051
66,1,58,21.6,41061
66,1,59,22,41071
66,1,60,22.6,41081
66,1,61,22.9,42011
66,1,62,23.2,42021
66,1,63,23.5,42031
66,1,64,23.9,42041
66,1,65,24.4,42051
66,1,66,24.7,42061
66,1,67,25.1,42071
66,1,68,25.4,42151
66,1,69,25.7,42161
66,1,70,26.1,42171
66,1,71,26.4,42181
66,1,72,26.8,42191
66,1,73,27.1,43201
66,1,74,27.7,43191
66,1,75,28.2,43149
66,1,76,28.7,43591
66,1,77,29.1,43511
66,1,78,29.5,43379
66,1,79,29.7,43369
66,1,80,30,43359
66,1,81,30.7,43453
66,1,82,31.1,28299
66,1,83,31.4,28289
66,1,84,31.7,28279
66,1,85,32,28269
66,1,86,32.4,28259
66,1,87,32.6,28439
66,1,88,33.1,28009
66,2,1,0,28009
66,2,2,0.3,28301
66,2,3,0.6,28431
66,2,4,0.9,28251
66,2,5,1.2,28261
66,2,6,1.6,28271
66,2,7,1.9,28281
66,2,8,2.2,28291
66,2,9,2.7,43459
66,2,10,3.5,43351
66,2,11,3.8,43361
66,2,12,4.1,43371
66,2,13,4.4,43519
66,2,14,4.8,43599
66,2,15,5.3,43141
66,2,16,5.8,43199
66,2,17,6.3,43209
66,2,18,6.8,42199
66,2,19,7.1,42189
66,2,20,7.4,42179
66,2,21,7.8,42169
66,2,22,8,42159
66,2,23,8.3,42259
66,2,24,8.7,42089
66,2,25,9.4,42059
66,2,26,9.6,42049
66,2,27,10,42039
66,2,28,10.5,42029
66,2,29,11,42019
66,2,30,11.4,41089
66,2,31,11.8,41079
66,2,32,12.4,41069
66,2,33,12.8,41049
66,2,34,13.5,41029
66,2,35,14,41019
66,2,36,14.4,40099
66,2,37,14.9,40089
66,2,38,15.2,40079
66,2,39,15.5,40119
66,2,40,15.7,40069
66,2,41,16,40059
66,2,42,16.4,40049
66,2,43,16.7,40039
66,2,44,17,40029
66,2,45,17.4,40279
66,2,46,17.9,40019
66,2,47,18.2,07031
66,2,48,18.6,07111
66,2,49,19.2,07211
66,2,50,19.5,07221
66,2,51,19.9,60101
66,2,52,20.2,60121
66,2,53,20.6,60141
66,2,54,20.9,60161
66,2,55,21.6,60211
66,2,56,22,70101
66,2,57,22.4,70111
66,2,58,22.9,70039
66,2,59,23.2,70151
66,2,60,23.5,70161
66,2,61,23.9,70171
66,2,62,24.1,70181
66,2,63,24.3,70191
66,2,64,24.5,70371
66,2,65,24.8,71161
66,2,66,25.1,71151
66,2,67,25.4,71141
66,2,68,25.7,71121
66,2,69,26,71131
66,2,70,26.3,71091
66,2,71,26.7,72021
66,2,72,27.2,72061
66,2,73,27.4,72071
66,2,74,27.9,84499
66,2,75,28.5,84489
66,2,76,28.9,84461
66,2,77,29.3,84471
66,2,78,29.7,84621
66,2,79,30.1,84611
66,2,80,30.3,84631
66,2,81,30.5,84601
66,2,82,30.8,84209
66,2,83,31.3,84529
66,2,84,31.6,84219
66,2,85,31.9,84351
66,2,86,32.6,84009
660,1,1,0,66481
660,1,2,0.6,64251
660,1,3,1,64609
660,1,4,1.3,64419
660,1,5,1.6,63379
660,1,6,2,63389
660,1,7,2.3,63399
660,1,8,3.6,66339
660,1,9,14,08057
660,1,10,14.5,08069
660,1,11,14.8,04179
660,1,12,15.2,02049
660,1,13,15.6,02119
660,1,14,16.6,03019
660,1,15,16.9,03059
660,1,16,17.3,03129
660,1,17,17.8,03218
660,2,1,0,03241
660,2,2,0.5,03111
660,2,3,0.8,03071
660,2,4,1.1,03031
660,2,5,1.7,03011
660,2,6,2.3,02111
660,2,7,2.8,04111
660,2,8,3.2,04121
660,2,9,3.5,08041
660,2,10,3.8,08031
660,2,11,14.4,66331
660,2,12,15.7,63391
660,2,13,16,63381
660,2,14,16.4,63371
660,2,15,16.7,64411
660,2,16,17,64601
660,2,17,17.4,64259
660,2,18,17.6,64091
660,2,19,18,66489
661,1,1,0,78111
661,1,2,0.4,78081
661,1,3,0.8,78071
661,1,4,1.1,78171
661,1,5,1.6,78181
661,1,6,2,78191
661,1,7,2.2,98099
661,1,8,2.6,98019
661,1,13,24.2,03241
661,1,14,24.7,03111
661,1,15,25,03071
661,1,16,25.6,03381
661,1,17,25.8,03391
661,2,1,0,03539
661,2,2,0.4,03529
661,2,3,1,03129
661,2,4,1.6,03218
661,2,9,22.3,98011
661,2,10,22.6,98091
661,2,11,22.9,78199
661,2,12,23.2,78189
661,2,13,23.7,78179
661,2,14,24,78079
661,2,15,24.4,78089
661,2,16,24.8,78119
663,1,1,0,59591
663,1,2,0.4,59601
663,1,3,1,59649
663,1,4,1.2,59399
663,1,5,1.6,59409
663,1,6,1.8,59419
663,1,7,2.3,59459
663,1,8,2.6,59709
663,1,9,2.9,59349
663,1,10,3.6,59059
663,1,11,4.5,59039
663,1,12,22.2,08057
663,1,13,22.7,08069
663,1,14,23,04179
663,1,15,23.4,02049
663,1,16,23.8,02119
663,1,17,24.8,03019
663,1,18,25.1,03059
663,1,19,25.5,03129
663,1,20,26,03218
663,2,1,0,03241
663,2,2,0.5,03111
663,2,3,0.8,03071
663,2,4,1.1,03031
663,2,5,1.7,03011
663,2,6,2.3,02111
663,2,7,2.8,04111
663,2,8,3.2,04121
663,2,9,3.5,08041
663,2,10,3.8,08031
663,2,11,21.6,59031
663,2,12,22.4,59051
663,2,13,23.2,59341
663,2,14,23.5,59701
663,2,15,23.8,59651
663,2,16,24.1,59451
663,2,17,24.4,59411
663,2,18,24.6,59401
663,2,19,25,59391
663,2,20,25.3,59641
663,2,21,25.8,59609
663,2,22,26.1,59599
665,1,1,0,46141
665,1,2,0.3,46151
665,1,3,0.5,46161
665,1,4,0.8,46171
665,1,5,1.1,46241
665,1,6,1.5,46191
665,1,7,1.9,46299
665,1,8,2.9,46641
665,1,9,3.3,47581
665,1,10,3.6,46651
665,1,11,3.9,46961
665,1,12,4.3,46981
665,1,13,4.7,46991
665,1,14,26.7,08057
665,1,15,27.2,08069
665,1,16,27.5,04179
665,1,17,27.9,02049
665,1,18,28.3,02119
665,1,19,29.3,03019
665,1,20,29.6,03059
665,1,21,30,03129
665,1,22,30.5,03218
665,2,1,0,03241
665,2,2,0.5,03111
665,2,3,0.8,03071
665,2,4,1.1,03031
665,2,5,1.7,03011
665,2,6,2.3,02111
665,2,7,2.8,04111
665,2,8,3.2,04121
665,2,9,3.5,08041
665,2,10,3.8,08031
665,2,11,26,46999
665,2,12,26.5,46989
665,2,13,26.9,46969
665,2,14,27.2,46659
665,2,15,27.6,47589
665,2,16,27.9,46649
665,2,17,28.8,46291
665,2,18,29.3,46199
665,2,19,29.7,46249
665,2,20,29.9,46179
665,2,21,30.2,46169
665,2,22,30.4,46159
665,2,23,30.8,46149
666,1,1,0,65309
666,1,2,0.5,65319
666,1,3,1,65329
666,1,4,1.5,65189
666,1,5,1.9,65239
666,1,6,2.5,65179
666,1,7,2.9,65169
666,1,8,3.4,65159
666,1,9,3.8,65209
666,1,10,4.2,65341
666,1,11,4.5,65331
666,1,12,4.8,65431
666,1,13,26,03241
666,1,14,26.5,03111
666,1,15,26.8,03071
666,1,16,27.4,03381
666,1,17,27.6,03391
666,2,1,0,03539
666,2,2,0.4,03529
666,2,3,1,03129
666,2,4,1.5,03218
666,2,5,23.3,65439
666,2,6,23.6,65339
666,2,7,23.9,65349
666,2,8,24.2,65201
666,2,9,24.6,65151
666,2,10,24.9,65161
666,2,11,25.4,65171
666,2,12,26,65231
666,2,13,26.3,65181
666,2,14,26.7,65321
666,2,15,27.2,65311
666,2,16,27.7,65301
667,1,1,0,17201
667,1,2,0.4,17219
667,1,3,0.7,17221
667,1,4,1.2,17249
667,1,5,1.7,17159
667,1,6,3.5,19099
667,1,7,3.8,19071
667,1,8,4.1,19081
667,1,9,4.4,18111
667,1,10,12.5,03241
667,1,11,13,03111
667,1,12,13.3,03071
667,1,13,13.9,03381
667,1,14,14.1,03391
667,2,1,0,03539
667,2,2,0.4,03529
667,2,3,1,03129
667,2,4,1.5,03218
667,2,5,9.9,18119
667,2,6,10.4,19089
667,2,7,10.9,19091
667,2,8,12.7,17151
667,2,9,13.3,17241
667,2,10,13.7,17229
667,2,11,14.1,17211
667,2,12,14.4,17201
66A,1,1,0,84009
66A,1,2,0.9,84359
66A,1,3,1.2,84211
66A,1,4,1.5,84521
66A,1,5,2,84201
66A,1,6,2.3,84609
66A,1,7,2.6,84639
66A,1,8,2.8,84619
66A,1,9,3.1,84629
66A,1,10,3.4,84479
66A,1,11,3.8,84469
66A,1,12,4.4,84481
66A,1,13,4.9,84491
66A,1,14,5.3,72079
66A,1,15,5.6,72069
66A,1,16,6,72029
66A,1,17,6.4,71099
66A,1,18,6.8,71139
66A,1,19,7.1,71129
66A,1,20,7.4,71149
66A,1,21,7.7,71159
66A,1,22,8,71169
66A,1,23,8.3,70379
66A,1,24,8.5,70201
66A,1,25,8.9,70211
66A,1,26,9.4,70221
66A,1,27,9.8,70231
66A,1,28,10.1,70241
66A,1,29,10.4,70021
66A,1,30,10.7,70031
66A,1,31,11.1,70119
66A,1,32,11.5,70109
66A,1,33,11.9,60219
66A,1,34,12.3,60179
66A,1,35,12.5,60159
66A,1,36,12.8,60139
66A,1,37,13.3,60119
66A,1,38,13.8,60099
66A,1,39,14.1,07329
66A,1,40,14.4,07319
66A,1,41,14.9,07419
66A,1,42,15.5,07531
66A,1,43,15.9,40011
66B,1,1,12.8,60139
66B,1,2,13.3,60119
66B,1,3,13.8,60099
66B,1,4,14.1,07329
66B,1,5,14.4,07319
66B,1,6,14.9,07419
66B,1,7,15.5,07531
66B,1,8,15.9,40011
66B,1,9,16.4,40271
66B,1,10,16.9,40021
66B,1,11,17.2,40031
66B,1,12,17.5,40041
66B,1,13,17.9,40051
66B,1,14,18.3,40111
66B,1,15,18.7,40071
66B,1,16,19.1,40081
66B,1,17,19.4,40091
66B,1,18,19.9,41011
66B,1,19,20.3,41021
66B,1,20,20.7,41031
66B,1,21,20.9,41041
66B,1,22,21.3,41051
66B,1,23,21.5,41061
66B,1,24,21.9,41071
66B,1,25,22.5,41081
66B,1,26,22.8,42011
66B,1,27,23.1,42021
66B,1,28,23.4,42031
66B,1,29,23.8,42041
66B,1,30,24.3,42051
66B,1,31,24.6,42061
66B,1,32,25,42071
66B,1,33,25.3,42151
66B,1,34,25.6,42161
66B,1,35,26,42171
66B,1,36,26.3,42181
66B,1,37,26.7,42191
66B,1,38,27,43201
66B,1,39,27.6,43191
66B,1,40,28.1,43149
66B,1,41,28.6,43591
66B,1,42,29,43511
66B,1,43,29.4,43379
66B,1,44,29.6,43369
66B,1,45,29.9,43359
66B,1,46,30.6,43453
66B,1,47,31,28299
66B,1,48,31.3,28289
66B,1,49,31.6,28279
66B,1,50,31.9,28269
66B,1,51,32.3,28259
66B,1,52,32.5,28439
66B,1,53,33,28009
66B,2,1,0,28009
66B,2,2,0.3,28301
66B,2,3,0.6,28431
66B,2,4,0.9,28251
66B,2,5,1.2,28261
66B,2,6,1.6,28271
66B,2,7,1.9,28281
66B,2,8,2.2,28291
66B,2,9,2.7,43459
66B,2,10,3.5,43351
66B,2,11,3.8,43361
66B,2,12,4.1,43371
66B,2,13,4.4,43519
66B,2,14,4.8,43599
66B,2,15,5.3,43141
66B,2,16,5.8,43199
66B,2,17,6.3,43209
66B,2,18,6.8,42199
66B,2,19,7.1,42189
66B,2,20,7.4,42179
66B,2,21,7.8,42169
66B,2,22,8,42159
66B,2,23,8.3,42259
66B,2,24,8.7,42089
66B,2,25,9.4,42059
66B,2,26,9.6,42049
66B,2,27,10,42039
66B,2,28,10.5,42029
66B,2,29,11,42019
66B,2,30,11.4,41089
66B,2,31,11.8,41079
66B,2,32,12.4,41069
66B,2,33,12.8,41049
66B,2,34,13.5,41029
66B,2,35,14,41019
66B,2,36,14.4,40099
66B,2,37,14.9,40089
66B,2,38,15.2,40079
66B,2,39,15.5,40119
66B,2,40,15.7,40069
66B,2,41,16,40059
66B,2,42,16.4,40049
66B,2,43,16.7,40039
66B,2,44,17,40029
66B,2,45,17.4,40279
66B,2,46,17.9,40019
66B,2,47,18.2,07031
67,1,1,0,44009
67,1,3,0.7,44461
67,1,4,1,44451
67,1,5,1.4,44441
67,1,6,1.8,44121
67,1,7,2.3,44131
67,1,8,2.6,44141
67,1,9,3.2,44029
67,1,10,3.5,44019
67,1,11,3.8,43119
67,1,12,4.2,43109
67,1,13,4.4,43099
67,1,14,4.7,43089
67,1,15,5.2,43069
67,1,16,5.6,43059
67,1,17,5.9,43049
67,1,18,6.4,43029
67,1,19,6.9,43019
67,1,20,7.2,42119
67,1,21,7.8,42109
67,1,22,8.2,42089
67,1,23,8.9,42059
67,1,24,9.1,42049
67,1,25,9.5,42039
67,1,26,10,42029
67,1,27,10.5,42019
67,1,28,10.9,41089
67,1,29,11.3,41079
67,1,30,11.9,41069
67,1,31,12.3,41049
67,1,32,13,41029
67,1,33,13.5,41019
67,1,34,13.9,40099
67,1,35,14.4,40089
67,1,36,14.7,40079
67,1,37,15,40119
67,1,38,15.2,40069
67,1,39,15.5,40059
67,1,40,15.9,40049
67,1,41,16.2,40039
67,1,42,16.5,40029
67,1,43,16.9,40279
67,1,44,17.4,40019
67,1,45,17.7,07031
67,1,46,18.1,07111
67,1,47,18.7,07211
67,1,48,19.2,07249
67,1,49,19.5,07359
67,1,50,19.8,07369
67,1,51,20,07379
67,1,52,20.5,80011
67,1,53,21,80031
67,1,54,21.3,80051
67,1,55,21.7,80071
67,1,56,22.2,80091
67,1,57,22.5,81011
67,1,58,22.8,81031
67,1,59,23.3,81051
67,1,60,23.9,82011
67,1,61,24.1,82032
67,1,62,24.7,82061
67,1,63,25.3,83011
67,1,64,25.6,83031
67,1,65,26,83062
67,1,66,26.5,83081
67,1,67,27.1,84011
67,1,68,27.4,84021
67,1,69,28,84031
67,1,70,28.5,84041
67,1,71,28.7,84191
67,1,72,29.2,84211
67,1,73,29.5,84521
67,1,74,30,84201
67,1,75,30.3,75341
67,1,76,30.7,75061
67,1,77,31.4,75051
67,1,78,32,76061
67,1,79,32.5,76051
67,1,80,33.1,75009
67,2,1,0,75009
67,2,2,0.6,76059
67,2,3,1.1,76069
67,2,4,1.8,75059
67,2,5,2.5,75069
67,2,6,2.9,75349
67,2,7,3.1,84209
67,2,8,3.6,84529
67,2,9,3.9,84219
67,2,10,4.4,84199
67,2,11,4.6,84049
67,2,12,5.3,84039
67,2,13,5.7,84029
67,2,14,6,84019
67,2,15,6.5,83099
67,2,16,6.9,83079
67,2,17,7.3,83059
67,2,18,7.5,83049
67,2,19,7.9,83029
67,2,20,8.3,82069
67,2,21,8.8,82049
67,2,22,9.2,82029
67,2,23,9.5,82109
67,2,24,9.8,81069
67,2,25,10.2,81049
67,2,26,10.5,81029
67,2,27,11,80089
67,2,28,11.4,80069
67,2,29,11.9,80049
67,2,30,12.1,80039
67,2,31,12.6,80029
67,2,32,13.1,07371
67,2,33,13.4,07361
67,2,34,13.7,07351
67,2,35,13.9,07329
67,2,36,14.2,07319
67,2,37,14.7,07419
67,2,38,15.3,07531
67,2,39,15.7,40011
67,2,40,16.2,40271
67,2,41,16.7,40021
67,2,42,17,40031
67,2,43,17.4,40041
67,2,44,17.8,40051
67,2,45,18.2,40111
67,2,46,18.6,40071
67,2,47,19,40081
67,2,48,19.3,40091
67,2,49,19.8,41011
67,2,50,20.2,41021
67,2,51,20.6,41031
67,2,52,20.8,41041
67,2,53,21.2,41051
67,2,54,21.4,41061
67,2,55,21.8,41071
67,2,56,22.4,41081
67,2,57,22.7,42011
67,2,58,23,42021
67,2,59,23.3,42031
67,2,60,23.7,42041
67,2,61,24.2,42051
67,2,62,24.5,42061
67,2,63,24.9,42071
67,2,64,25.4,42091
67,2,65,25.9,42111
67,2,66,26.1,43011
67,2,67,26.6,43021
67,2,68,27.1,43041
67,2,69,27.7,43051
67,2,70,28,43061
67,2,71,28.2,43071
67,2,72,28.4,43081
67,2,73,28.7,43091
67,2,74,29.2,43111
67,2,75,29.4,44011
67,2,76,29.8,44021
67,2,77,30.3,44149
67,2,78,30.6,44139
67,2,79,31.2,44129
67,2,80,31.6,44449
67,2,81,32,44459
67,2,82,32.3,44469
67,2,84,33.1,44009
671,1,1,0,65011
671,1,2,0.3,67219
671,1,3,0.7,67209
671,1,4,0.9,67349
671,1,5,1.5,67359
671,1,6,1.7,67369
671,1,7,2,65809
671,1,8,2.3,67329
671,1,9,2.8,67479
671,1,10,3.2,67489
671,1,11,3.5,67499
671,1,12,21.1,03241
671,1,13,21.6,03111
671,1,14,21.9,03071
671,1,15,22.5,03381
671,1,16,22.7,03391
671,2,1,0,03539
671,2,2,0.4,03529
671,2,3,1,03129
671,2,4,1.5,03218
671,2,5,19.7,67491
671,2,6,20.1,67481
671,2,7,20.3,67471
671,2,8,20.8,67321
671,2,9,21,65801
671,2,10,21.4,67361
671,2,11,21.7,67351
671,2,12,22.2,67341
671,2,13,22.5,67201
671,2,14,22.9,67211
671,2,15,23.2,65019
672,1,1,0,64431
672,1,2,0.3,64441
672,1,3,0.6,64461
672,1,4,0.9,64619
672,1,5,1.2,64561
672,1,6,1.7,64361
672,1,7,2.1,64031
672,1,8,2.6,64079
672,1,9,3.1,64059
672,1,10,3.4,64049
672,1,11,3.8,64249
672,1,12,4.3,64239
672,1,13,21.2,03241
672,1,14,21.7,03111
672,1,15,22,03071
672,1,16,22.6,03381
672,1,17,22.8,03391
672,2,1,0,03539
672,2,2,0.4,03529
672,2,3,1,03129
672,2,4,1.5,03218
672,2,5,18.2,64231
672,2,6,18.6,64241
672,2,7,19,64041
672,2,8,19.4,64051
672,2,9,19.9,64071
672,2,10,20.4,64039
672,2,11,20.7,64369
672,2,12,21.2,64431
672,2,13,21.5,64441
672,2,14,21.8,64461
672,2,15,22.1,64619
672,2,16,22.4,64561
67A,1,1,0,44009
67A,1,3,0.4,44461
67A,1,4,0.7,44451
67A,1,5,1.1,44441
67A,1,6,1.5,44121
67A,1,7,2,44131
67A,1,8,2.3,44141
67A,1,9,2.9,44029
67A,1,10,3.2,44019
67A,1,11,3.5,43119
67A,1,12,3.9,43109
67A,1,13,4.1,43099
67A,1,14,4.4,43089
67A,1,15,4.9,43069
67A,1,16,5.3,43059
67A,1,17,5.6,43049
67A,1,18,6.1,43029
67A,1,19,6.6,43019
67A,1,20,6.9,42119
67A,1,21,7.5,42109
67A,1,22,7.9,42089
67A,1,23,8.6,42059
67A,1,24,8.8,42049
67A,1,25,9.2,42039
67A,1,26,9.7,42029
67A,1,27,10.2,42019
67A,1,28,10.6,41089
67A,1,29,11,41079
67A,1,30,11.6,41069
67A,1,31,12,41049
67W,1,1,0,75009
67W,1,2,0.6,76059
67W,1,3,1.1,76069
67W,1,4,1.8,75059
67W,1,5,2.5,75069
67W,1,6,2.9,75349
67W,1,7,3.1,84209
67W,1,8,3.6,84529
67W,1,9,3.9,84219
67W,1,10,4.4,84199
67W,1,11,4.6,84049
67W,1,12,5.3,84039
67W,1,13,5.7,84029
67W,1,14,6,84019
67W,1,15,6.5,83099
67W,1,16,6.9,83079
67W,1,17,7.3,83059
67W,1,18,7.5,83049
67W,1,19,7.9,83029
67W,1,20,8.3,82069
67W,1,21,8.8,82049
67W,1,22,9.2,82029
67W,1,23,9.5,82109
67W,1,24,9.8,81069
67W,1,25,10.2,81049
67W,1,26,10.5,81029
67W,1,27,11,80089
67W,1,28,11.4,80069
67W,1,29,11.9,80049
67W,1,30,12.1,80039
67W,1,31,12.6,80029
67W,1,32,13.1,07371
67W,1,33,13.4,07361
67W,1,34,13.7,07351
67W,1,35,13.9,07329
67W,1,36,14.2,07319
67W,1,37,14.7,07419
67W,1,38,15.3,07531
67W,1,39,15.7,40011
68,1,1,0,77009
68,1,2,0.7,77191
68,1,3,1.1,77201
68,1,4,1.3,77079
68,1,5,1.6,77189
68,1,6,1.8,77069
68,1,7,2.1,77301
68,1,8,2.3,77311
68,1,9,2.5,77161
68,1,10,2.6,77281
68,1,11,3,77331
68,1,12,3.6,75359
68,1,13,4,75369
68,1,14,4.4,75319
68,1,15,4.7,75469
68,1,16,5.1,75499
68,1,17,5.4,75489
68,1,18,5.6,75479
68,1,20,6,76511
68,1,21,6.3,76521
68,1,22,6.7,75009
68,1,23,6.7,75009
68,1,24,7.2,76529
68,1,25,7.4,76519
68,1,27,7.8,75471
68,1,28,8,75481
68,1,29,8.3,75491
68,1,30,8.7,75461
68,1,31,9.1,75311
68,1,32,9.5,75361
68,1,33,9.8,75351
68,1,34,10.4,77339
68,1,35,10.9,77289
68,1,36,11.2,77169
68,1,37,11.4,77319
68,1,38,11.7,77309
68,1,39,11.9,77061
68,1,40,12.2,77181
68,1,41,12.5,77071
68,1,42,12.8,77209
68,1,43,13.2,77199
68,1,44,13.9,77009
68A,1,1,4.7,75469
68A,1,2,5.1,75499
68A,1,3,5.4,75489
68A,1,4,5.6,75479
68A,1,6,6,76511
68A,1,7,6.3,76521
68A,1,8,6.7,75009
68B,1,1,6.7,75009
68B,1,2,7.2,76529
68B,1,3,7.4,76519
68B,1,5,7.8,75471
68B,1,6,8,75481
68B,1,7,8.3,75491
68B,1,8,8.7,75461
69,1,1,0,75009
69,1,2,0.8,75129
69,1,3,1.2,75139
69,1,4,1.5,75149
69,1,5,1.9,75159
69,1,6,2.3,75039
69,1,7,2.6,75241
69,1,8,3,75231
69,1,9,3.4,75221
69,1,10,4.2,75069
69,1,11,4.6,75349
69,1,12,4.8,84209
69,1,13,5.3,84529
69,1,14,5.6,84219
69,1,15,5.9,84351
69,1,16,6.6,84009
69,1,17,7.5,84359
69,1,18,7.8,84211
69,1,19,8.1,84521
69,1,20,8.6,84201
69,1,21,8.9,75341
69,1,22,9.3,75061
69,1,23,10.1,75229
69,1,24,10.6,75239
69,1,25,11,75249
69,1,26,11.5,75031
69,1,27,12,75151
69,1,28,12.4,75141
69,1,29,12.8,75131
69,1,30,13.1,75121
69,1,31,13.8,75009
6N,1,1,0,02099
6N,1,2,0.4,02101
6N,1,3,0.8,02051
6N,1,4,1.1,02061
6N,1,5,2.1,04167
6N,1,6,2.4,04249
6N,1,7,2.8,05029
6N,1,8,3.4,04222
6N,1,9,3.7,04211
6N,1,10,4,04331
6N,1,11,4.3,13109
6N,1,12,4.6,13211
6N,1,13,5.2,06151
6N,1,14,5.7,06141
6N,1,15,6,06131
6N,1,16,6.3,13121
6N,1,17,6.7,13141
6N,1,18,7.3,13191
6N,1,19,8,09048
6N,1,20,8.6,09038
6N,1,21,9,08138
6N,1,22,9.4,08057
6N,1,23,9.9,08079
6N,1,24,10.1,07011
6N,1,25,10.5,07021
6N,1,26,11,40011
6N,1,30,20.6,66331
6N,1,31,21,66101
6N,1,32,21.6,64101
6N,1,33,22.2,64491
6N,1,34,22.4,64481
6N,1,35,22.7,64471
6N,1,36,23.1,64419
6N,1,37,23.4,64341
6N,1,38,23.7,64351
6N,1,39,24,64361
6N,1,40,24.6,64371
6N,1,41,24.9,64381
6N,1,42,25.4,64549
6N,1,43,26,64041
6N,1,44,26.4,64051
6N,1,45,26.9,64061
6N,1,46,27.4,64401
6N,1,47,28.2,67161
6N,1,48,28.5,65021
6N,1,49,28.9,65031
6N,1,50,29.2,65041
6N,1,51,29.8,65061
6N,1,52,30.3,65071
6N,1,53,30.7,65151
6N,1,54,31,65161
6N,1,55,31.5,65171
6N,1,56,32.1,65231
6N,1,57,32.5,65269
6N,1,58,33,65279
6N,1,59,33.5,65289
6N,1,60,33.8,65229
6N,1,61,34.1,65219
6N,1,62,34.5,65201
7,1,1,0,84009
7,1,2,0.7,84029
7,1,3,1,84019
7,1,4,1.5,83099
7,1,5,1.9,83079
7,1,6,2.3,83059
7,1,7,2.5,83049
7,1,8,2.9,83029
7,1,9,3.3,82069
7,1,10,3.8,82049
7,1,11,4.2,82029
7,1,12,4.5,82109
7,1,13,4.7,81131
7,1,14,5.1,81141
7,1,15,5.4,81151
7,1,16,6,81161
7,1,17,6.4,80259
7,1,18,7.1,80111
7,1,19,7.5,80049
7,1,20,7.7,80039
7,1,21,8.2,80029
7,1,22,8.7,01339
7,1,23,9.1,01329
7,1,24,9.6,01229
7,1,25,10,01139
7,1,26,10.3,01039
7,1,27,10.5,01029
7,1,28,11,04111
7,1,29,11.4,04121
7,1,30,11.7,08041
7,1,31,12,08031
7,1,32,12.5,08111
7,1,33,12.8,08121
7,1,34,13.1,09059
7,1,35,13.6,09022
7,1,36,14.1,09111
7,1,37,14.4,09121
7,1,38,15,09131
7,1,39,15.3,09141
7,1,40,15.6,13011
7,1,41,16.2,13021
7,1,42,16.5,11201
7,1,43,16.8,11211
7,1,44,17.3,11221
7,1,45,17.8,11231
7,1,46,18.6,11261
7,1,47,19.2,11271
7,1,48,19.5,11281
7,1,49,19.9,11291
7,1,50,20.3,12021
7,1,51,20.7,12031
7,1,52,21.1,12041
7,1,53,21.4,12051
7,1,54,21.6,12111
7,1,55,22.4,17229
7,1,56,23,17009
7,2,1,0,17009
7,2,2,0.8,17221
7,2,3,1.6,12119
7,2,4,1.8,12059
7,2,5,2.1,12049
7,2,6,2.5,12039
7,2,7,2.8,12029
7,2,8,3.2,11299
7,2,9,3.6,11289
7,2,10,3.9,11279
7,2,11,4.4,11269
7,2,12,5.3,11239
7,2,13,5.7,11229
7,2,14,5.9,11219
7,2,15,6.3,11209
7,2,16,6.7,13029
7,2,17,7.4,13019
7,2,18,7.5,09149
7,2,19,8.1,09159
7,2,20,8.4,09169
7,2,21,8.7,09179
7,2,22,9.2,09048
7,2,23,9.8,09038
7,2,24,10.2,08138
7,2,25,10.6,08057
7,2,26,11.1,08069
7,2,27,11.4,04179
7,2,28,11.6,01012
7,2,29,12.1,01112
7,2,30,12.7,01121
7,2,31,13,01211
7,2,32,13.3,01311
7,2,33,13.9,80011
7,2,34,14.4,80031
7,2,35,14.7,80051
7,2,36,15.3,80119
7,2,37,15.9,80251
7,2,38,16.4,81169
7,2,39,16.9,81159
7,2,40,17.2,81149
7,2,41,17.6,81139
7,2,43,18.2,82011
7,2,44,18.5,82033
7,2,45,19,82061
7,2,46,19.6,83011
7,2,47,19.9,83031
7,2,48,20.3,83062
7,2,49,20.8,83081
7,2,50,21.4,84011
7,2,51,21.7,84021
7,2,52,22.5,84009
70,1,1,0,55509
70,1,2,0.4,55301
70,1,3,0.7,55311
70,1,4,1.1,55239
70,1,5,1.5,55229
70,1,6,1.8,55041
70,1,7,2.2,55051
70,1,8,2.6,55071
70,1,9,3,55081
70,1,10,3.4,55101
70,1,11,3.7,67011
70,1,12,4,67021
70,1,13,4.6,67041
70,1,14,4.9,67051
70,1,15,5.2,67061
70,1,16,5.7,67071
70,1,17,6,64129
70,1,18,6.4,64119
70,1,19,6.9,64109
70,1,20,7.3,63219
70,1,21,7.6,63209
70,1,22,8,63199
70,1,23,8.3,63189
70,1,24,8.5,63179
70,1,25,8.9,63369
70,1,26,9.3,66379
70,1,27,9.6,66359
70,1,28,9.9,62141
70,1,29,10.3,62059
70,1,30,10.7,62049
70,1,31,10.9,62039
70,1,32,11.3,62029
70,1,33,11.5,62019
70,1,34,11.8,70309
70,1,35,12,70299
70,1,36,12.3,70289
70,1,37,12.8,70279
70,1,38,13.1,70269
70,1,39,13.6,70259
70,1,40,14,81101
70,1,41,14.3,81111
70,1,42,14.8,81131
70,1,43,15.2,81141
70,1,44,15.5,81151
70,1,45,16.1,81161
70,1,46,16.5,80259
70,1,47,17.3,80219
70,1,48,18.7,80169
70,1,49,19.4,80159
70,1,50,19.9,02119
70,1,51,20.9,03019
70,1,52,21.2,03059
70,1,53,21.6,03129
70,1,54,22.1,03218
70,1,55,22.3,03239
70,2,1,0,03239
70,2,2,0.8,03222
70,2,3,1.5,03111
70,2,4,2.1,03031
70,2,5,2.7,03011
70,2,6,3.3,02111
70,2,7,4,80151
70,2,8,4.7,80161
70,2,9,6.3,80211
70,2,10,7,80251
70,2,11,7.5,81169
70,2,12,8,81159
70,2,13,8.3,81149
70,2,14,8.7,81139
70,2,15,8.9,81129
70,2,16,9.2,81119
70,2,17,9.5,81109
70,2,18,10,70251
70,2,19,10.4,70261
70,2,20,10.6,70271
70,2,21,11.2,70281
70,2,22,11.5,70291
70,2,23,11.8,70301
70,2,24,12.1,62011
70,2,25,12.3,62021
70,2,26,12.5,62031
70,2,27,12.9,62041
70,2,28,13.4,62051
70,2,29,13.6,62149
70,2,30,14,66351
70,2,31,14.4,66371
70,2,32,14.8,63361
70,2,33,15.2,63181
70,2,34,15.6,63191
70,2,35,15.8,63201
70,2,36,16.1,63211
70,2,37,16.6,64101
70,2,38,17,64111
70,2,39,17.4,64121
70,2,40,17.7,67079
70,2,41,18.1,67069
70,2,42,18.4,67059
70,2,43,18.8,67049
70,2,44,19,67039
70,2,45,19.3,67029
70,2,46,19.6,67019
70,2,47,19.9,55109
70,2,48,20.3,55089
70,2,49,20.6,55079
70,2,50,21.1,55059
70,2,51,21.4,55049
70,2,52,21.8,55221
70,2,53,22.2,55231
70,2,54,22.5,55319
70,2,55,22.8,55309
70,2,56,23.1,55189
70,2,57,23.5,55509
700,1,1,0,48009
700,1,3,0.8,44251
700,1,4,1.2,44241
700,1,5,1.7,44231
700,1,6,2.1,44229
700,1,7,2.6,44371
700,1,8,2.9,44381
700,1,9,3.4,44351
700,1,10,3.6,44361
700,1,14,12.2,40239
700,1,15,12.6,40089
700,1,16,12.9,40079
700,1,17,13.2,40119
700,1,18,13.4,40069
700,1,19,13.7,40059
700,1,20,14.1,40049
700,1,21,14.5,40189
700,1,22,14.7,40179
700,1,23,15.5,09219
700,1,24,15.9,09047
700,1,25,16.4,09037
700,1,26,17.1,08138
700,1,27,17.5,08057
700,1,28,18,08069
700,1,29,18.3,04179
700,1,30,18.7,02049
700,1,31,19.1,02119
700,1,32,20.1,03019
700,1,33,20.4,03059
700,1,34,20.8,03129
700,1,35,21.3,03218
700,2,1,0,03239
700,2,3,0.7,03223
700,2,4,1.1,03151
700,2,5,1.6,03021
700,2,6,2.2,03011
700,2,7,2.8,02111
700,2,8,3.3,04111
700,2,9,3.7,04121
700,2,10,4,08041
700,2,11,4.3,08031
700,2,12,4.8,08111
700,2,13,5.1,08121
700,2,16,5.8,09011
700,2,17,6.1,09023
700,2,18,6.7,09212
700,2,19,7.3,40171
700,2,20,7.6,40181
700,2,21,7.8,40041
700,2,22,8.2,40051
700,2,23,8.6,40111
700,2,24,9,40071
700,2,25,9.4,40081
700,2,26,9.7,40231
700,2,30,17.9,44369
700,2,31,18.1,44359
700,2,32,18.5,44389
700,2,33,18.8,44379
700,2,34,19.3,44221
700,2,35,19.7,44239
700,2,36,20.1,44249
700,2,37,20.5,44259
700,2,38,21.3,48009
700A,1,1,0,48009
700A,1,2,0.8,44251
700A,1,3,1.2,44241
700A,1,4,1.7,44231
700A,1,5,2.1,44229
700A,1,6,2.6,44371
700A,1,7,2.9,44381
700A,1,8,3.4,44351
700A,1,9,3.6,44361
700A,1,13,12.2,40239
700A,1,14,12.6,40089
700A,1,15,12.9,40079
700A,1,16,13.2,40119
700A,1,17,13.4,40069
700A,1,18,13.7,40059
700A,1,19,14.1,40049
700A,1,20,14.5,40189
700A,1,21,14.7,40179
700A,1,22,15.5,09219
700A,1,23,15.9,09047
700A,1,24,16.4,09037
700A,1,25,17.1,08138
700A,1,26,17.5,08057
700A,1,27,18,08069
700A,1,28,18.3,04179
700A,1,29,18.7,02049
700A,1,31,19.3,02151
700A,1,32,20,02161
700A,1,33,20.3,02171
700A,1,34,20.7,02051
700A,1,35,21,02061
700A,1,36,21.7,04111
700A,1,37,22.1,04121
700A,1,38,22.4,08041
700A,1,39,22.7,08031
700A,1,40,23.2,08111
700A,1,41,23.5,08121
700A,1,44,24.2,09011
700A,1,45,24.5,09023
700A,1,46,25.1,09212
700A,1,47,25.7,40171
700A,1,48,26,40181
700A,1,49,26.2,40041
700A,1,50,26.6,40051
700A,1,51,27,40111
700A,1,52,27.4,40071
700A,1,53,27.8,40081
700A,1,54,28.1,40231
700A,1,58,36.3,44369
700A,1,59,36.5,44359
700A,1,60,36.9,44389
700A,1,61,37.2,44379
700A,1,62,37.7,44221
700A,1,63,38.1,44239
700A,1,64,38.5,44249
700A,1,65,38.9,44259
700A,1,67,39.7,48009
70A,1,1,0,55509
70A,1,2,0.4,55301
70A,1,3,0.7,55311
70A,1,4,1.1,55239
70A,1,5,1.5,55229
70A,1,6,1.8,55041
70A,1,7,2.2,55051
70A,1,8,2.6,55071
70A,1,9,3,55081
70A,1,10,3.4,55101
70A,1,11,3.7,67011
70A,1,12,4,67021
70A,1,13,4.6,67041
70A,1,14,4.9,67051
70A,1,15,5.2,67061
70A,1,16,5.7,67071
70A,1,17,6,64129
70A,1,18,6.4,64119
70A,1,19,6.9,64109
70A,1,20,7.3,63219
70A,1,21,7.6,63209
70A,1,22,8,63199
70A,1,23,8.3,63189
70A,1,24,8.5,63179
70A,1,25,8.9,63369
70A,1,26,9.3,66379
70A,1,27,9.6,66359
70A,1,28,9.9,62141
70A,1,29,10.3,62059
70A,1,30,10.7,62049
70A,1,31,10.9,62039
70A,1,32,11.3,62029
70A,1,33,11.5,62019
70A,1,34,11.8,70309
70A,1,35,12,70299
70A,1,36,12.3,70289
70A,1,37,12.8,70279
70A,1,38,13.1,70269
70A,1,39,13.6,70259
70A,1,40,14,81101
70A,1,41,14.3,81111
70A,1,42,14.8,81131
70A,1,43,15.2,81141
70A,1,44,15.5,81151
70A,1,45,16.1,81161
70A,1,46,16.5,80259
70A,1,47,17.3,80219
70A,1,48,18.7,80169
70A,1,49,19.4,80159
70A,1,50,20.1,02151
70A,1,51,20.8,02161
70A,1,52,21.1,02171
70B,1,1,0,55101
70B,1,2,0.3,67011
70B,1,3,0.6,67021
70B,1,4,1.2,67041
70B,1,5,1.5,67051
70B,1,6,1.8,67061
70B,1,7,2.3,67071
70B,1,8,2.6,64129
70B,1,9,3,64119
70B,1,10,3.5,64109
70B,1,11,3.9,63219
70B,1,12,4.2,63209
70B,1,13,4.6,63199
70B,1,14,4.9,63189
70B,1,15,5.1,63179
70B,1,16,5.5,63369
70B,1,17,5.9,66379
70B,1,18,6.2,66359
70M,1,1,0,55509
70M,1,2,0.4,55301
70M,1,3,0.7,55311
70M,1,4,1.1,55239
70M,1,5,1.5,55229
70M,1,6,1.8,55041
70M,1,7,2.2,55051
70M,1,8,2.6,55071
70M,1,9,3,55081
70M,1,10,3.4,55101
70M,1,11,3.7,67011
70M,1,12,4,67021
70M,1,13,4.6,67041
70M,1,14,4.9,67051
70M,1,15,5.2,67061
70M,1,16,5.7,67071
70M,1,17,6,64129
70M,1,18,6.4,64119
70M,1,19,6.9,64109
70M,1,20,7.3,63219
70M,1,21,7.6,63209
70M,1,22,8,63199
70M,1,23,8.3,63189
70M,1,24,8.5,63179
70M,1,25,8.9,63369
70M,1,26,9.3,66379
70M,1,27,9.6,66359
70M,1,28,9.9,62141
70M,1,29,10.3,62059
70M,1,30,10.7,62049
70M,1,31,10.9,62039
70M,1,32,11.3,62029
70M,1,33,11.5,62019
70M,1,34,11.8,70309
70M,1,35,12,70299
70M,1,36,12.3,70289
70M,1,37,12.8,70279
70M,1,38,13.1,70269
70M,1,39,13.6,70259
70M,1,40,14,81101
70M,1,41,14.3,81111
70M,1,42,14.8,81131
70M,1,43,15.2,81141
70M,1,44,15.5,81151
70M,1,45,16.1,81161
70M,1,46,16.5,80259
70M,1,47,17.3,80219
70M,1,48,18.7,80169
70M,1,49,19.4,80159
70M,1,50,20.1,02151
70M,1,51,20.8,02161
70M,1,52,21.1,02171
70M,1,53,21.5,02051
70M,1,54,21.8,02061
70M,1,55,22.5,80151
70M,1,56,23.2,80161
70M,1,57,24.8,80211
70M,1,58,25.5,80251
70M,1,59,26,81169
70M,1,60,26.5,81159
70M,1,61,26.8,81149
70M,1,62,27.2,81139
70M,1,63,27.4,81129
70M,1,64,27.7,81119
70M,1,65,28,81109
70M,1,66,28.5,70251
70M,1,67,28.9,70261
70M,1,68,29.1,70271
70M,1,69,29.7,70281
70M,1,70,30,70291
70M,1,71,30.3,70301
70M,1,72,30.6,62011
70M,1,73,30.8,62021
70M,1,74,31,62031
70M,1,75,31.4,62041
70M,1,76,31.9,62051
70M,1,77,32.1,62149
70M,1,78,32.5,66351
70M,1,79,32.9,66371
70M,1,80,33.3,63361
70M,1,81,33.7,63181
70M,1,82,34.1,63191
70M,1,83,34.3,63201
70M,1,84,34.6,63211
70M,1,85,35.1,64101
70M,1,86,35.5,64111
70M,1,87,35.9,64121
70M,1,88,36.2,67079
70M,1,89,36.6,67069
70M,1,90,36.9,67059
70M,1,91,37.3,67049
70M,1,92,37.5,67039
70M,1,93,37.8,67029
70M,1,94,38.1,67019
70M,1,95,38.4,55109
70M,1,96,38.8,55089
70M,1,97,39.1,55079
70M,1,98,39.6,55059
70M,1,99,39.9,55049
70M,1,100,40.3,55221
70M,1,101,40.7,55231
70M,1,102,41,55319
70M,1,103,41.3,55309
70M,1,104,41.6,55189
70M,1,105,42,55509
71,1,1,0,55509
71,1,2,0.5,55171
71,1,3,1,55029
71,1,4,1.6,55149
71,1,5,1.9,55139
71,1,6,2.2,54209
71,1,7,2.5,54199
71,1,8,3,54189
71,1,9,3.2,54219
71,1,10,3.7,54621
71,1,11,4.1,54611
71,1,12,4.6,54071
71,1,13,5,54081
71,1,14,5.4,54091
71,1,15,5.9,54531
71,1,16,6.2,53241
71,1,17,6.8,53231
71,1,18,7.2,53211
71,1,19,7.6,52021
71,1,20,7.9,52031
71,1,21,8.5,52051
71,1,22,9,53421
71,1,23,9.4,53251
71,1,24,9.8,53221
71,1,25,10.2,53239
71,1,26,10.7,53249
71,1,27,11.1,54539
71,1,28,11.5,54099
71,1,29,11.8,54089
71,1,30,12.1,54079
71,1,31,12.7,54619
71,1,32,13,54629
71,1,33,13.5,54211
71,1,34,13.7,54181
71,1,35,14.1,54191
71,1,36,14.4,54201
71,1,37,14.7,55131
71,1,38,15,55141
71,1,39,15.6,55021
71,1,40,16.2,55179
71,1,41,16.6,55189
71,1,42,17,55509
72,1,1,0,55509
72,1,2,0.6,55329
72,1,3,1.1,54351
72,1,4,1.5,54471
72,1,5,1.8,54481
72,1,6,2.3,54491
72,1,7,2.5,54501
72,1,8,2.9,54651
72,1,9,3.2,66451
72,1,10,3.5,66461
72,1,11,3.8,66471
72,1,12,4.3,64119
72,1,13,4.7,64491
72,1,14,4.9,64481
72,1,15,5.2,64471
72,1,16,5.6,64419
72,1,17,6,64331
72,1,18,6.3,64521
72,1,19,6.5,64559
72,1,20,6.7,64549
72,1,21,7.3,64019
72,1,22,7.6,63069
72,1,23,8,63249
72,1,24,8.4,64201
72,1,25,8.7,64211
72,1,26,9.2,64221
72,1,27,9.5,64131
72,1,28,10.1,64141
72,1,29,10.5,64151
72,1,30,11,64161
72,1,31,11.3,64171
72,1,32,11.6,64181
72,1,33,12.1,64191
72,1,34,12.4,73021
72,1,35,12.8,73031
72,1,36,13.1,74011
72,1,37,13.5,74021
72,1,38,14,74031
72,1,39,14.4,74041
72,1,40,14.7,75319
72,1,41,15.2,75299
72,1,42,15.6,75289
72,1,43,15.9,75279
72,1,44,16.3,75269
72,1,45,16.7,75121
72,1,46,17.4,75009
72,2,1,0,75009
72,2,2,0.8,75129
72,2,3,1.1,75261
72,2,4,1.6,75271
72,2,5,1.9,75281
72,2,6,2.4,75291
72,2,7,3,75311
72,2,8,3.2,74049
72,2,9,3.7,74039
72,2,10,4.2,74029
72,2,11,4.7,74019
72,2,12,4.9,73039
72,2,13,5.3,73029
72,2,14,5.6,64199
72,2,15,5.9,64189
72,2,16,6.2,64179
72,2,17,6.5,64169
72,2,18,6.9,64159
72,2,19,7.2,64149
72,2,20,7.5,64139
72,2,21,8,64229
72,2,22,8.4,64219
72,2,23,8.8,64209
72,2,24,9.3,63241
72,2,25,9.6,63061
72,2,26,9.8,64011
72,2,27,10.4,64541
72,2,28,10.7,64551
72,2,29,10.9,64529
72,2,30,11.2,64339
72,2,31,11.5,64411
72,2,32,11.8,64479
72,2,33,12.1,64489
72,2,34,12.4,64499
72,2,35,12.6,64111
72,2,36,13.2,66479
72,2,37,13.6,66459
72,2,38,14,54659
72,2,39,14.5,54509
72,2,40,14.7,54499
72,2,41,15.3,54489
72,2,42,15.6,54479
72,2,43,15.9,54359
72,2,44,16.3,55321
72,2,45,16.7,55509
72A,1,1,0,55509
72A,1,2,0.6,55329
72A,1,3,1.1,54351
72A,1,4,1.5,54471
72A,1,5,1.8,54481
72A,1,6,2.3,54491
72A,1,7,2.5,54501
72A,1,8,2.9,54651
72A,1,9,3.2,66451
72A,1,10,3.5,66461
72A,1,11,3.8,66471
72A,1,12,4.3,64119
72A,1,13,4.7,64491
72A,1,14,4.9,64481
72A,1,15,5.2,64471
72A,1,16,5.6,64419
72A,1,17,6,64331
72A,1,18,6.3,64521
72A,1,19,6.5,64559
72A,1,20,6.7,64549
72B,1,1,0,55509
72B,1,2,0.6,55329
72B,1,3,1.1,54351
72B,1,4,1.5,54471
72B,1,5,1.8,54481
73,1,1,0,54009
73,1,2,0.4,54261
73,1,3,0.7,54271
73,1,4,1,54281
73,1,5,1.3,54291
73,1,6,1.8,54301
73,1,7,2.1,66341
73,1,8,2.7,66331
73,1,9,3.3,66421
73,1,10,3.7,66431
73,1,11,4.4,64109
73,1,12,4.8,63219
73,1,13,5.1,63209
73,1,14,5.7,66149
73,1,15,6,66139
73,1,16,6.5,66271
73,1,17,7,66129
73,1,18,7.5,66119
73,1,19,7.8,66039
73,1,20,8.6,66029
73,1,21,9.1,66019
73,1,22,9.6,52069
73,1,23,9.9,52059
73,1,24,10.5,52361
73,1,25,11.1,52279
73,1,26,11.6,52259
73,1,27,12,52501
73,1,28,12.4,52009
73,1,29,12.9,52509
73,1,30,13.2,52251
73,1,31,13.7,52271
73,1,32,14.3,52369
73,1,33,15.1,52051
73,1,34,15.6,52061
73,1,35,16.2,66011
73,1,36,16.7,66021
73,1,37,17.3,66031
73,1,38,17.8,66111
73,1,39,18.2,66121
73,1,40,18.6,66271
73,1,41,19.1,66131
73,1,42,19.3,66141
73,1,43,19.6,63191
73,1,44,19.8,63201
73,1,45,20.1,63211
73,1,46,20.6,64101
73,1,47,21.2,66439
73,1,48,21.8,66429
73,1,49,22.2,66339
73,1,50,22.8,66349
73,1,51,23.1,54309
73,1,52,23.7,54299
73,1,53,24,54289
73,1,54,24.3,54279
73,1,55,24.6,54269
73,1,56,24.9,54009
73A,1,1,0,54009
73A,1,2,0.4,54261
73A,1,3,0.7,54271
73A,1,4,1,54281
73A,1,5,1.3,54291
73A,1,6,1.8,54301
73A,1,7,2.1,66341
73A,1,8,2.7,66331
73A,1,9,3.3,66421
73A,1,10,3.7,66431
73A,1,11,4.4,64109
73A,1,12,4.8,63219
73A,1,13,5.1,63209
73A,1,14,5.7,66149
73A,1,15,6,66139
73A,1,16,6.5,66271
73A,1,17,7,66129
73A,1,18,7.5,66119
73A,1,19,7.8,66039
73A,1,20,8.6,66029
73A,1,21,9.1,66019
73A,1,22,9.6,52069
73A,1,23,9.8,52059
73A,1,24,10.4,52361
73A,1,25,11,52279
73A,1,26,11.5,52259
73A,1,27,11.9,52501
73A,1,28,12.3,52009
74,1,1,0,64009
74,1,2,0.7,64041
74,1,3,1.1,64051
74,1,4,1.6,64071
74,1,5,2.1,64039
74,1,6,2.4,64369
74,1,7,2.7,64359
74,1,8,3.1,64349
74,1,9,3.4,63379
74,1,10,3.8,63389
74,1,11,4.1,63399
74,1,12,4.4,63319
74,1,13,4.9,66109
74,1,14,5.4,66339
74,1,15,6,66349
74,1,16,6.3,54309
74,1,17,6.9,54299
74,1,18,7.2,54289
74,1,19,7.5,54279
74,1,20,7.8,54269
74,1,21,8.3,54248
74,1,22,8.8,54019
74,1,23,9.3,53169
74,1,24,9.6,53159
74,1,25,10.1,53149
74,1,26,10.4,53139
74,1,27,11.3,53019
74,1,28,11.9,51079
74,1,29,12.4,51119
74,1,30,14,41169
74,1,31,14.8,41139
74,1,32,15.3,41129
74,1,33,15.7,41031
74,1,34,15.9,41041
74,1,35,16.3,41051
74,1,36,16.5,41061
74,1,37,16.9,41071
74,1,38,17.5,41081
74,1,39,17.8,42011
74,1,40,18.1,42021
74,1,41,18.4,42031
74,1,42,18.8,42041
74,1,43,19.3,42051
74,1,44,19.6,42061
74,1,45,19.9,42149
74,1,46,20.5,12109
74,1,47,20.9,12099
74,1,48,21.1,12089
74,1,49,21.6,12079
74,1,50,21.9,12069
74,1,51,22.4,17119
74,1,52,22.6,17109
74,1,53,23.1,19049
74,1,54,23.6,19039
74,1,55,24.1,19029
74,1,56,24.5,19099
74,1,57,24.8,19071
74,1,58,25.1,19081
74,1,59,25.4,18111
74,1,60,26.1,18141
74,1,61,26.5,11361
74,1,62,26.8,11189
74,1,63,27.3,11389
74,1,64,27.5,11379
74,2,1,0,11379
74,2,2,0.3,11381
74,2,3,0.7,11181
74,2,4,1,11369
74,2,5,1.6,18149
74,2,6,2.1,18119
74,2,7,2.6,19089
74,2,8,3.1,19091
74,2,9,3.5,19021
74,2,10,3.9,19031
74,2,11,4.3,19041
74,2,12,5,17101
74,2,13,5.4,17111
74,2,14,5.8,12061
74,2,15,6.1,12071
74,2,16,6.6,12081
74,2,17,7,12091
74,2,18,7.4,12101
74,2,19,7.8,42141
74,2,20,8.4,42059
74,2,21,8.6,42049
74,2,22,9,42039
74,2,23,9.5,42029
74,2,24,10,42019
74,2,25,10.4,41089
74,2,26,10.8,41079
74,2,27,11.4,41069
74,2,28,11.8,41049
74,2,29,12.3,41121
74,2,30,12.8,41131
74,2,31,13.6,41161
74,2,32,15.3,51111
74,2,33,15.7,51071
74,2,34,16.2,53011
74,2,35,16.9,53121
74,2,36,17.4,53131
74,2,37,17.7,53141
74,2,38,18.1,53151
74,2,39,18.4,53161
74,2,40,18.8,54011
74,2,41,19.3,54241
74,2,42,19.8,54261
74,2,43,20.1,54271
74,2,44,20.4,54281
74,2,45,20.7,54291
74,2,46,21.2,54301
74,2,47,21.5,66341
74,2,48,22.1,66331
74,2,49,22.5,66101
74,2,50,23,63311
74,2,51,23.4,63391
74,2,52,23.7,63381
74,2,53,24.1,63371
74,2,54,24.4,64341
74,2,55,24.7,64351
74,2,56,25,64361
74,2,57,25.4,64031
74,2,58,25.9,64079
74,2,59,26.4,64059
74,2,60,26.7,64049
74,2,61,27.4,64009
74e,1,1,0,64009
74e,1,2,0.7,64041
74e,1,3,1.1,64051
74e,1,4,1.6,64071
74e,1,5,2.1,64039
74e,1,6,2.4,64369
74e,1,7,2.7,64359
74e,1,8,3.1,64349
74e,1,10,3.8,63389
74e,1,11,4.1,63399
74e,1,12,4.4,63319
74e,1,13,4.9,66109
74e,1,14,5.4,66339
74e,1,17,6.9,54299
74e,1,18,7.2,54289
74e,1,19,7.5,54279
74e,1,20,7.8,54269
74e,1,21,8.3,54248
74e,1,23,9.3,53169
74e,1,24,9.6,53159
74e,1,25,10.1,53149
74e,1,26,10.4,53139
74e,1,27,19.9,42149
74e,1,28,20.5,12109
74e,1,29,20.9,12099
74e,1,30,21.1,12089
74e,1,31,21.6,12079
74e,1,32,21.9,12069
74e,1,33,22.4,17119
74e,1,34,22.6,17109
74e,1,35,23.1,19049
74e,1,36,23.6,19039
74e,1,37,26.8,11189
74e,1,38,27.3,11389
74e,1,39,27.5,11379
74e,2,1,0,11379
74e,2,2,0.3,11381
74e,2,3,0.7,11181
74e,2,4,3.5,19021
74e,2,5,3.9,19031
74e,2,6,4.3,19041
74e,2,7,5,17101
74e,2,8,5.4,17111
74e,2,9,5.8,12061
74e,2,10,6.1,12071
74e,2,11,6.6,12081
74e,2,12,7,12091
74e,2,13,7.4,12101
74e,2,14,7.8,42141
74e,2,15,16.9,53121
74e,2,16,17.4,53131
74e,2,17,17.7,53141
74e,2,18,18.1,53151
74e,2,19,18.4,53161
74e,2,21,19.3,54241
74e,2,22,19.8,54261
74e,2,23,20.1,54271
74e,2,24,20.4,54281
74e,2,25,20.7,54291
74e,2,28,22.1,66331
74e,2,29,22.5,66101
74e,2,30,23,63311
74e,2,31,23.4,63391
74e,2,32,23.7,63381
74e,2,34,24.4,64341
74e,2,35,24.7,64351
74e,2,36,25,64361
74e,2,37,25.4,64031
74e,2,38,25.9,64079
74e,2,39,26.4,64059
74e,2,40,26.7,64049
74e,2,41,27.4,64009
75,1,1,0,48009
75,1,2,0.5,44049
75,1,3,0.7,44251
75,1,4,1.1,44739
75,1,5,1.5,44201
75,1,6,1.8,44211
75,1,7,2.4,43139
75,1,8,2.8,43129
75,1,9,3.3,43099
75,1,10,3.6,43089
75,1,11,4.1,43069
75,1,12,4.5,43059
75,1,13,4.8,43049
75,1,14,5.3,43029
75,1,15,5.8,43019
75,1,16,6.1,42119
75,1,17,6.7,42109
75,1,18,7.1,42089
75,1,19,7.6,42149
75,1,20,8.2,12109
75,1,21,8.6,12099
75,1,22,8.8,12089
75,1,23,9.3,12079
75,1,24,9.6,12069
75,1,25,9.9,12119
75,1,26,10.1,12059
75,1,27,10.4,12049
75,1,28,10.8,12039
75,1,29,11.1,12029
75,1,30,11.5,11299
75,1,31,11.9,11289
75,1,32,12.2,11279
75,1,33,12.7,11269
75,1,34,13.6,11239
75,1,35,14,11229
75,1,36,14.2,11219
75,1,37,14.6,11209
75,1,38,15,13029
75,1,39,15.7,13019
75,1,40,16.3,09139
75,1,41,16.7,13189
75,1,42,17,13179
75,1,43,17.2,13169
75,1,44,17.5,13159
75,1,45,17.9,13139
75,1,46,18.1,13119
75,1,47,18.5,06129
75,1,48,19,06069
75,1,49,19.2,06049
75,1,50,19.7,06029
75,1,51,20.5,05519
75,1,52,20.8,05629
75,1,53,21.2,03222
75,1,54,21.9,03111
75,1,55,22.5,03031
75,1,56,23.1,03011
75,1,57,23.7,02111
75,1,58,24.4,02089
75,1,59,24.7,02099
75,2,1,0,02099
75,2,2,0.4,02101
75,2,3,0.8,02051
75,2,4,1.1,02061
75,2,5,1.7,02029
75,2,6,2.3,03019
75,2,7,2.6,03059
75,2,8,3,03129
75,2,9,3.5,03218
75,2,10,4.5,05631
75,2,11,4.9,05521
75,2,12,5.5,06011
75,2,13,6.1,06051
75,2,14,6.3,06071
75,2,15,6.5,06081
75,2,16,7,06131
75,2,17,7.3,13121
75,2,18,7.7,13141
75,2,19,8.2,13171
75,2,20,8.5,13181
75,2,21,9,09131
75,2,22,9.3,09141
75,2,23,9.6,13011
75,2,24,10.2,13021
75,2,25,10.5,11201
75,2,26,10.8,11211
75,2,27,11.3,11221
75,2,28,11.8,11231
75,2,29,12.6,11261
75,2,30,13.2,11271
75,2,31,13.5,11281
75,2,32,13.9,11291
75,2,33,14.3,12021
75,2,34,14.7,12031
75,2,35,15.1,12041
75,2,36,15.4,12051
75,2,37,15.6,12111
75,2,38,16.1,12061
75,2,39,16.4,12071
75,2,40,16.9,12081
75,2,41,17.3,12091
75,2,42,17.7,12101
75,2,43,18.1,42141
75,2,44,18.5,42071
75,2,45,19,42091
75,2,46,19.5,42111
75,2,47,19.7,43011
75,2,48,20.2,43021
75,2,49,20.7,43041
75,2,50,21.3,43051
75,2,51,21.6,43061
75,2,52,21.8,43071
75,2,53,22,43081
75,2,54,22.7,43121
75,2,55,23.2,43131
75,2,56,23.7,44219
75,2,57,24,44209
75,2,58,24.4,44731
75,2,59,24.7,44259
75,2,60,25.1,44041
75,2,62,25.5,48009
75A,1,1,0,48009
75A,1,2,0.5,44049
75A,1,3,0.7,44251
75A,1,4,1.1,44739
75A,1,5,1.5,44201
75A,1,6,1.8,44211
75A,1,7,2.4,43139
75A,1,8,2.8,43129
75A,1,9,3.3,43099
75A,1,10,3.6,43089
75A,1,11,4.1,43069
75A,1,12,4.5,43059
75A,1,13,4.8,43049
75A,1,14,5.3,43029
75A,1,15,5.8,43019
75A,1,16,6.1,42119
75A,1,17,6.7,42109
75A,1,18,7.1,42089
75A,1,19,7.6,42149
75A,1,20,8.2,12109
75A,1,21,8.6,12099
76,1,1,0,55509
76,1,2,0.5,55159
76,1,3,0.8,55149
76,1,4,1.1,55139
76,1,5,1.4,54209
76,1,6,1.7,54199
76,1,7,2.2,54189
76,1,8,2.6,54221
76,1,9,2.9,54231
76,1,10,3.4,54241
76,1,11,3.9,54261
76,1,12,4.2,54271
76,1,13,4.5,54281
76,1,14,4.8,54291
76,1,15,5.3,54301
76,1,16,5.6,66341
76,1,17,6.2,66331
76,1,18,6.6,66101
76,1,19,7.1,63219
76,1,20,7.4,63209
76,1,21,7.8,63199
76,1,22,8.1,63189
76,1,23,8.3,63179
76,1,24,8.7,63369
76,1,25,8.9,63149
76,1,26,9.5,62059
76,1,27,9.9,62049
76,1,28,10.1,62039
76,1,29,10.5,62029
76,1,30,10.7,62019
76,1,31,11,70309
76,1,32,11.2,70299
76,1,33,11.5,70289
76,1,34,12,70279
76,1,35,12.3,70269
76,1,36,12.8,70259
76,1,37,13.2,81101
76,1,38,13.5,81111
76,1,39,14,82011
76,1,40,14.2,82032
76,1,41,14.9,82009
76,2,1,0,82009
76,2,2,0.4,82229
76,2,3,0.7,82049
76,2,4,1.1,82029
76,2,6,1.6,81129
76,2,7,1.9,81119
76,2,8,2.2,81109
76,2,9,2.7,70251
76,2,10,3.1,70261
76,2,11,3.3,70271
76,2,12,3.9,70281
76,2,13,4.2,70291
76,2,14,4.5,70301
76,2,15,4.8,62011
76,2,16,5,62021
76,2,17,5.2,62031
76,2,18,5.6,62041
76,2,19,6.1,62051
76,2,20,6.5,63141
76,2,21,7,63361
76,2,22,7.4,63181
76,2,23,7.8,63191
76,2,24,8,63201
76,2,25,8.3,63211
76,2,26,8.6,66109
76,2,27,9.1,66339
76,2,28,9.7,66349
76,2,29,10,54309
76,2,30,10.6,54299
76,2,31,10.9,54289
76,2,32,11.2,54279
76,2,33,11.5,54269
76,2,34,12,54248
76,2,35,12.4,54239
76,2,36,12.8,54229
76,2,37,13.3,54181
76,2,38,13.7,54191
76,2,39,14,54201
76,2,40,14.3,55131
76,2,41,14.6,55141
76,2,42,15,55151
76,2,43,15.5,55189
76,2,44,15.9,55509
77,1,1,0,43009
77,1,2,0.6,43179
77,1,3,1,43189
77,1,4,1.4,43619
77,1,5,1.6,43629
77,1,6,2,42319
77,1,7,2.6,42201
77,1,8,2.8,42211
77,1,9,3.1,42221
77,1,10,3.4,42231
77,1,11,3.8,42169
77,1,12,4,42159
77,1,13,4.3,42259
77,1,14,4.7,42089
77,1,15,5.4,42059
77,1,16,5.6,42049
77,1,17,6,42039
77,1,18,6.5,42029
77,1,19,7.6,42129
77,1,20,7.8,42139
77,1,21,8.2,11349
77,1,22,8.4,11339
77,1,23,8.6,11329
77,1,24,8.9,11319
77,1,25,9.1,11309
77,1,26,9.5,11289
77,1,27,9.8,11279
77,1,28,10.3,11269
77,1,29,11.2,11239
77,1,30,11.6,11229
77,1,31,11.8,11219
77,1,32,12.2,11209
77,1,33,12.6,13029
77,1,34,13.3,13019
77,1,35,13.4,09149
77,1,36,14,09159
77,1,37,14.3,09169
77,1,38,14.6,09179
77,1,39,14.9,09047
77,1,40,15.4,09037
77,1,41,16.1,08138
77,1,42,16.5,08057
77,1,43,17,08069
77,1,44,17.3,04179
77,1,45,17.7,02049
77,1,46,18.4,02089
77,2,1,0,02099
77,2,2,0.4,02101
77,2,3,0.8,02051
77,2,4,1.1,02061
77,2,5,1.8,04111
77,2,6,2.2,04121
77,2,7,2.5,08041
77,2,8,2.8,08031
77,2,9,3.3,08111
77,2,10,3.6,08121
77,2,11,3.9,09059
77,2,12,4.4,09022
77,2,13,4.9,09111
77,2,14,5.2,09121
77,2,15,5.8,09131
77,2,16,6.1,09141
77,2,17,6.4,13011
77,2,18,7,13021
77,2,19,7.3,11201
77,2,20,7.6,11211
77,2,21,8.1,11221
77,2,22,8.6,11231
77,2,23,9.4,11261
77,2,24,10,11271
77,2,25,10.5,11301
77,2,26,10.8,11311
77,2,27,11,11321
77,2,28,11.3,11331
77,2,29,11.6,11341
77,2,30,12,42131
77,2,31,12.4,42011
77,2,32,12.7,42021
77,2,33,13,42031
77,2,34,13.4,42041
77,2,35,13.9,42051
77,2,36,14.2,42061
77,2,37,14.6,42071
77,2,38,14.9,42151
77,2,39,15.2,42161
77,2,40,15.5,42239
77,2,41,15.7,42229
77,2,42,16,42219
77,2,43,16.2,42209
77,2,44,16.8,42311
77,2,45,17.2,43621
77,2,46,17.5,43611
77,2,47,17.8,43181
77,2,48,18.2,43171
77,2,49,18.7,43009
78,1,1,0,28009
78,1,2,0.3,28301
78,1,3,0.6,28431
78,1,4,0.9,28249
78,1,5,1.4,28239
78,1,6,2,28229
78,1,7,2.4,20269
78,1,8,2.6,20259
78,1,9,3,20161
78,1,10,3.3,20171
78,1,11,3.6,20121
78,1,12,4,29039
78,1,13,4.5,29029
78,1,14,5.1,29019
78,1,15,5.5,29041
78,1,16,5.9,29121
78,1,17,6.4,29051
78,1,18,7.1,29119
78,1,19,7.6,29109
78,1,20,7.8,29099
78,1,21,8.1,29089
78,1,22,8.4,29139
78,1,23,8.7,29149
78,1,24,10.7,20299
78,1,25,10.9,17079
78,1,26,11.2,17069
78,1,27,12.1,17251
78,1,28,12.3,17161
78,1,29,12.7,17171
78,1,30,13.5,17239
78,1,31,13.9,17259
78,1,32,14.8,17061
78,1,33,15,17071
78,1,34,15.4,20291
78,1,35,16.5,29071
78,1,36,16.8,29081
78,1,37,17.1,29091
78,1,38,17.4,29101
78,1,39,17.8,29111
78,1,40,18.2,29069
78,1,41,18.7,29059
78,1,42,19.1,29129
78,1,43,19.5,29049
78,1,44,20.1,29011
78,1,45,20.6,29021
78,1,46,21,29031
78,1,47,21.6,20129
78,1,48,21.8,20179
78,1,49,22.2,20169
78,1,50,22.4,20251
78,1,51,22.6,20261
78,1,52,23,20271
78,1,53,23.3,28221
78,1,54,23.6,28231
78,1,55,24,28241
78,1,56,24.4,28439
78,1,57,24.9,28009
78A,1,1,0,28009
78A,1,2,0.3,28301
78A,1,3,0.6,28431
78A,1,4,0.9,28249
78A,1,5,1.4,28239
78A,1,6,2,28229
78A,1,7,2.4,20269
78A,1,8,2.6,20259
78A,1,9,3,20161
78A,1,10,3.3,20171
78A,1,11,3.6,20121
78A,1,12,4,29039
78A,1,13,4.5,29029
78A,1,14,5.1,29019
78A,1,15,5.5,29041
78A,1,16,5.9,29121
79,1,1,0,28009
79,1,2,0.3,28301
79,1,3,0.6,28431
79,1,4,0.9,28249
79,1,5,1.4,28239
79,1,6,2,28229
79,1,7,2.4,20269
79,1,8,2.8,20201
79,1,9,3,20211
79,1,10,3.4,20231
79,1,11,3.9,20121
79,1,12,4.3,29039
79,1,13,4.8,29029
79,1,14,5.6,21059
79,1,15,6.4,21079
79,1,16,6.9,21141
79,1,17,7.1,21151
79,1,18,7.5,21041
79,1,19,8.1,21171
79,1,20,8.6,21181
79,1,21,9,21549
79,1,22,9.4,21539
79,1,23,9.8,21529
79,1,24,10.2,21519
79,1,25,10.5,21261
79,1,26,10.8,21259
79,1,27,11.2,21351
79,1,28,12.3,22009
79,1,29,13.4,21359
79,1,30,13.7,21251
79,1,31,14,21269
79,1,32,14.3,21511
79,1,33,14.7,21521
79,1,34,15.1,21531
79,1,35,15.6,21541
79,1,36,15.9,21189
79,1,37,16.4,21179
79,1,38,17,21049
79,1,39,17.3,21159
79,1,40,17.6,21149
79,1,41,18,21071
79,1,42,18.9,21051
79,1,43,19.4,29021
79,1,44,19.8,29031
79,1,45,20.4,20129
79,1,46,20.8,20239
79,1,47,21,20219
79,1,48,21.4,20209
79,1,49,21.7,20261
79,1,50,22.1,20271
79,1,51,22.4,28221
79,1,52,22.7,28231
79,1,53,23.1,28241
79,1,54,23.5,28439
79,1,55,24,28009
79A,1,1,0,28009
79A,1,2,0.3,28301
79A,1,3,0.6,28431
79A,1,4,0.9,28249
79A,1,5,1.4,28239
79A,1,6,2,28229
79A,1,7,2.4,20269
79A,1,8,2.8,20201
79A,1,9,3,20211
79A,1,10,3.4,20231
79A,1,11,3.9,20121
79A,1,12,4.3,29039
79A,1,13,4.8,29029
79A,1,14,5.6,21059
79A,1,15,6.4,21079
79A,1,16,6.9,21141
79A,1,17,7.1,21151
79A,1,18,7.5,21041
79A,1,19,8.1,21171
79A,1,20,8.6,21181
79A,1,21,9,21549
79A,1,22,9.4,21539
79A,1,23,9.8,21529
79A,1,24,10.2,21519
79A,1,25,10.5,21261
79A,1,26,10.8,21259
79A,1,27,11.2,21351
79A,1,28,12.3,22009
7A,1,1,0,84009
7A,1,2,0.7,84029
7A,1,3,1,84019
7A,1,4,1.5,83099
7A,1,5,1.9,83079
7A,1,6,2.3,83059
7A,1,7,2.5,83049
7A,1,8,2.9,83029
7A,1,9,3.3,82069
7A,1,10,3.8,82049
7A,1,11,4.2,82029
7A,1,12,4.5,82109
7A,1,13,4.7,81131
7A,1,14,5.1,81141
7A,1,15,5.4,81151
7A,1,16,6,81161
7A,1,17,6.4,80259
7A,1,18,7.1,80111
7A,1,19,7.5,80049
7A,1,20,7.7,80039
7A,1,21,8.2,80029
7A,1,22,8.7,01339
7A,1,23,9.1,01329
7A,1,24,9.6,01229
7A,1,25,10,01139
7A,1,26,10.3,01039
7A,1,27,10.5,01029
7A,1,28,11,04111
7A,1,29,11.4,04121
7A,1,30,11.7,08041
7A,1,31,12,08031
7A,1,32,12.5,08111
7A,1,33,12.8,08121
7A,1,34,13.1,09059
7A,1,35,13.6,09022
7B,1,1,0,17009
7B,1,2,0.8,17221
7B,1,3,1.6,12119
7B,1,4,1.8,12059
7B,1,5,2.1,12049
7B,1,6,2.5,12039
7B,1,7,2.8,12029
7B,1,8,3.2,11299
7B,1,9,3.6,11289
7B,1,10,3.9,11279
7B,1,11,4.4,11269
7B,1,12,5.3,11239
7B,1,13,5.7,11229
7B,1,14,5.9,11219
7B,1,15,6.3,11209
7B,1,16,6.7,13029
7B,1,17,7.4,13019
7B,1,18,7.5,09149
7B,1,19,8.1,09159
7B,1,20,8.4,09169
7B,1,21,8.7,09179
7B,1,22,9.2,09048
7B,1,23,9.8,09038
7B,1,24,10.2,08138
7B,1,25,10.6,08057
8,1,1,0,75009
8,1,2,0.5,76191
8,1,3,0.9,76201
8,1,4,1.2,76211
8,1,5,1.5,76221
8,1,6,1.8,76039
8,1,7,2.1,76109
8,1,8,2.5,76099
8,1,9,2.9,76089
8,1,10,3.3,76079
8,1,11,4,75059
8,1,12,4.4,75229
8,1,13,4.9,75239
8,1,14,5.3,75249
8,1,15,5.6,75259
8,1,16,8.1,84481
8,1,17,8.6,84491
8,1,18,9,72079
8,1,19,9.3,72069
8,1,20,9.7,72029
8,1,21,10.1,71099
8,1,22,10.5,71139
8,1,23,10.8,71129
8,1,24,11.1,71149
8,1,25,11.4,71159
8,1,26,11.7,71169
8,1,27,12.2,70261
8,1,28,12.4,70271
8,1,29,13,70149
8,1,30,13.4,70139
8,1,31,13.7,70129
8,1,32,14,70119
8,1,33,14.4,70109
8,1,34,14.8,60219
8,1,35,15.4,60089
8,1,36,16.1,52089
8,1,37,17.1,52321
8,1,38,17.4,52501
8,1,39,17.8,52009
8,2,1,0,52009
8,2,2,0.5,52509
8,2,3,0.8,52329
8,2,4,1.9,52081
8,2,5,2.6,60081
8,2,6,3.1,60211
8,2,7,3.5,70101
8,2,8,3.9,70111
8,2,9,4.4,70121
8,2,10,4.8,70131
8,2,11,5.4,70279
8,2,12,5.7,70269
8,2,13,6,71161
8,2,14,6.3,71151
8,2,15,6.6,71141
8,2,16,6.9,71121
8,2,17,7.2,71131
8,2,18,7.5,71091
8,2,19,7.9,72021
8,2,20,8.4,72061
8,2,21,8.6,72071
8,2,22,9.1,84499
8,2,23,9.7,84489
8,2,24,12,75251
8,2,25,12.3,75241
8,2,26,12.7,75231
8,2,27,13.1,75221
8,2,28,13.6,75051
8,2,29,14.3,76071
8,2,30,14.8,76081
8,2,31,15.2,76091
8,2,32,15.6,76101
8,2,33,15.8,76031
8,2,34,16.1,76229
8,2,35,16.4,76219
8,2,36,16.8,76209
8,2,37,17.1,76199
8,2,38,17.4,75009
80,1,1,0,67009
80,1,2,0.4,67191
80,1,3,0.8,67171
80,1,4,1.3,65029
80,1,5,1.8,65019
80,1,6,2.2,64029
80,1,7,2.6,64429
80,1,8,3.1,64381
80,1,9,3.6,64549
80,1,10,4.2,64019
80,1,11,4.5,63069
80,1,12,4.8,63059
80,1,13,5.2,63049
80,1,14,5.6,63039
80,1,15,6.1,63029
80,1,16,6.7,63019
80,1,17,7.1,62059
80,1,18,7.5,62049
80,1,19,7.7,62039
80,1,20,8.1,62029
80,1,21,8.3,62019
80,1,22,8.6,70309
80,1,23,8.8,70299
80,1,24,9.1,70289
80,1,25,9.6,70279
80,1,26,9.9,70269
80,1,27,10.4,70259
80,1,28,11.1,81229
80,1,29,11.5,81219
80,1,30,11.8,81209
80,1,31,12.3,81089
80,1,32,12.8,80089
80,1,33,13.2,80069
80,1,34,13.7,80049
80,1,35,13.9,80039
80,1,36,14.4,80029
80,1,37,14.9,01339
80,1,38,15.3,01329
80,1,39,15.8,01229
80,1,40,16.2,01139
80,1,41,16.5,01039
80,1,42,16.7,01029
80,1,43,17.3,04168
80,1,44,17.5,04249
80,1,45,17.9,05029
80,1,46,18.3,05199
80,1,47,18.8,05269
80,1,48,19.2,05429
80,1,49,19.5,05419
80,1,50,19.7,05431
80,1,51,20,05649
80,1,52,20.3,14061
80,1,53,20.8,14071
80,1,54,21.2,14081
80,1,55,21.6,14101
80,1,56,22.4,14141
80,1,57,23.1,14009
80,2,1,0,14009
80,2,2,0.4,14129
80,2,3,0.7,14119
80,2,4,1.4,14109
80,2,5,1.8,14089
80,2,6,2.6,14069
80,2,7,3.1,05631
80,2,8,3.3,05629
80,2,9,3.5,05651
80,2,10,3.7,05411
80,2,11,4,05421
80,2,12,4.2,05271
80,2,13,4.6,05241
80,2,14,5.1,05013
80,2,15,5.5,05023
80,2,16,5.8,04222
80,2,17,6.3,04142
80,2,18,6.8,01012
80,2,19,7.3,01112
80,2,20,7.9,01121
80,2,21,8.2,01211
80,2,22,8.5,01311
80,2,23,9.1,80011
80,2,24,9.6,80031
80,2,25,9.9,80051
80,2,26,10.3,80071
80,2,27,10.8,80091
80,2,28,11,81081
80,2,29,11.4,81201
80,2,30,11.8,81211
80,2,31,12.2,81221
80,2,32,12.4,81109
80,2,33,12.9,70251
80,2,34,13.3,70261
80,2,35,13.5,70271
80,2,36,14.1,70281
80,2,37,14.4,70291
80,2,38,14.7,70301
80,2,39,15,62011
80,2,40,15.2,62021
80,2,41,15.4,62031
80,2,42,15.8,62041
80,2,43,16.3,62051
80,2,44,16.8,63011
80,2,45,17.3,63021
80,2,46,17.9,63031
80,2,47,18.2,63041
80,2,48,18.4,63051
80,2,49,18.7,63061
80,2,50,18.9,64011
80,2,51,19.5,64541
80,2,52,20.1,64389
80,2,53,20.6,64421
80,2,54,21,64021
80,2,55,21.4,65011
80,2,56,21.8,65021
80,2,57,22.5,67179
80,2,58,22.8,67199
80,2,59,23.2,67009
800,1,1,0,59009
800,1,2,0.7,59169
800,1,3,1.1,59179
800,1,4,1.4,59241
800,1,5,1.7,59231
800,1,6,2.2,59251
800,1,7,2.5,59261
800,1,8,2.9,59271
800,1,9,3.3,57129
800,1,10,3.6,57119
800,1,11,4,57089
800,1,12,4.5,59511
800,1,13,4.9,59309
800,1,14,5.3,59139
800,1,15,5.7,59129
800,1,16,6.1,59109
800,1,17,6.5,59239
800,1,18,6.8,59249
800,1,19,7.1,59171
800,1,20,7.5,59161
800,1,21,7.9,59072
800,1,22,8.2,59009
803,1,1,0,59009
803,1,2,0.7,59169
803,1,3,1.1,59179
803,1,4,1.4,59389
803,1,5,1.9,59641
803,1,6,2.5,59621
803,1,7,2.8,59181
803,1,8,3.1,59171
803,1,9,3.5,59161
803,1,10,3.9,59072
803,1,11,4.2,59009
804,1,1,0,59009
804,1,2,0.6,59091
804,1,3,1.2,59239
804,1,4,1.5,59249
804,1,5,1.9,59389
804,1,6,2.4,59399
804,1,7,2.8,59409
804,1,8,3,59419
804,1,9,3.3,59639
804,1,10,3.6,59579
804,1,11,3.9,59581
804,1,12,4.4,59471
804,1,13,5,59461
804,1,14,5.4,59411
804,1,15,5.6,59401
804,1,16,6,59391
804,1,17,6.4,59381
804,1,18,6.8,59241
804,1,19,7.1,59231
804,1,20,7.6,59099
804,1,21,8.1,59073
804,1,22,8.4,59009
805,1,1,0,59009
805,1,2,0.2,59069
805,1,3,1,59341
805,1,4,1.5,59289
805,1,5,1.8,59299
805,1,6,2.2,59449
805,1,7,2.7,59731
805,1,8,3.1,59741
805,1,9,3.4,59751
805,1,10,3.8,59589
805,1,11,4,59761
805,1,12,4.2,59719
805,1,13,4.5,59291
805,1,14,5,59281
805,1,15,5.4,59349
805,1,16,6,58991
805,1,17,6.5,59009
806,1,1,0,59009
806,1,2,0.7,59169
806,1,3,1.1,59359
806,1,4,1.3,59651
806,1,5,1.6,59451
806,1,6,2.1,59469
806,1,7,2.7,59591
806,1,8,3.1,59601
806,1,9,3.7,59649
806,1,10,3.9,59399
806,1,11,4.3,59409
806,1,12,4.5,59419
806,1,13,5,59459
806,1,14,5.4,59351
806,1,15,5.8,59161
806,1,16,6.2,59072
806,1,17,6.5,59009
807,1,1,0,59009
807,1,2,0.7,59169
807,1,3,1.1,59179
807,1,4,1.4,59389
807,1,5,1.9,59399
807,1,6,2.3,59409
807,1,7,2.5,59419
807,1,8,2.8,59639
807,1,9,3.1,59579
807,1,10,3.3,59761
807,1,11,3.5,59719
807,1,12,3.9,59439
807,1,13,4.3,59429
807,1,14,4.6,59569
807,1,15,4.8,59329
807,1,16,5.3,59089
807,1,17,5.5,59319
807,1,18,5.8,59309
807,1,19,6.2,59111
807,1,20,6.7,57089
807,1,21,7.2,59511
807,1,22,7.7,59311
807,1,23,8,59081
807,1,24,8.4,59321
807,1,25,8.6,59561
807,1,26,8.9,59421
807,1,27,9.2,59431
807,1,28,9.8,59711
807,1,29,10.1,59571
807,1,30,10.4,59631
807,1,31,10.7,59411
807,1,32,10.9,59401
807,1,33,11.3,59391
807,1,34,11.7,59381
807,1,35,12,59171
807,1,36,12.4,59161
807,1,37,12.8,59072
807,1,38,13.1,59009
807A,1,1,0,59009
807A,1,2,0.7,59169
807A,1,3,1.1,59179
807A,1,4,1.4,59389
807A,1,5,1.9,59399
807A,1,6,2.3,59409
807A,1,7,2.5,59419
807A,1,8,2.8,59639
807A,1,9,3.1,59579
807A,1,10,3.3,59761
807A,1,11,3.5,59719
807A,1,12,3.9,59439
807A,1,13,4.3,59429
807A,1,14,4.6,59569
80A,1,1,0,67009
80A,1,2,0.4,67191
80A,1,3,0.8,67171
80A,1,4,1.3,65029
80A,1,5,1.8,65019
80A,1,6,2.2,64029
80A,1,7,2.6,64429
80A,1,8,3.1,64381
80A,1,9,3.6,64549
80A,1,10,4.2,64019
80A,1,11,4.5,63069
80A,1,12,4.8,63059
80A,1,13,5.2,63049
80A,1,14,5.6,63039
80A,1,15,6.1,63029
80A,1,16,6.7,63019
80A,1,17,7.1,62059
80A,1,18,7.5,62049
80A,1,19,7.7,62039
80A,1,20,8.1,62029
80A,1,21,8.3,62019
80A,1,22,8.6,70309
80A,1,23,8.8,70299
80A,1,24,9.1,70289
80A,1,25,9.6,70279
80A,1,26,9.9,70269
80A,1,27,10.4,70259
80A,1,28,11.1,81229
80A,1,29,11.5,81219
80A,1,30,11.8,81209
80A,1,31,12.3,81089
81,1,1,0,75009
81,1,2,0.5,76191
81,1,3,0.9,76201
81,1,4,1.2,76211
81,1,5,1.5,76221
81,1,6,1.9,76231
81,1,7,2.2,76241
81,1,8,2.8,98011
81,1,9,3.1,98091
81,1,10,3.5,78051
81,1,11,3.9,78061
81,1,12,4.3,77051
81,1,13,4.7,77041
81,1,14,5.1,77031
81,1,15,5.4,77021
81,1,16,5.8,77011
81,1,17,6.1,77241
81,1,18,6.4,77231
81,1,19,6.7,77281
81,1,20,7.1,77331
81,1,23,12.1,64229
81,1,24,12.5,64219
81,1,25,12.9,64209
81,1,26,13.4,63241
81,1,27,13.8,63059
81,1,28,14.2,63049
81,1,29,14.6,63039
81,1,30,15.1,63029
81,1,31,15.7,63019
81,1,32,16,62149
81,1,33,16.4,66351
81,1,34,16.8,66371
81,1,35,17.2,63149
81,1,36,17.8,63011
81,1,37,18.3,63021
81,1,38,18.9,63031
81,1,39,19.2,63041
81,1,40,19.4,63051
81,1,41,19.9,63249
81,1,42,20.3,64201
81,1,43,20.6,64211
81,1,44,21.1,64221
81,1,45,21.4,64131
81,1,48,26.7,77339
81,1,49,27.2,77289
81,1,50,27.5,77239
81,1,51,27.8,77249
81,1,52,28.1,78049
81,1,53,28.3,77019
81,1,54,28.7,77029
81,1,55,29.1,77039
81,1,56,29.5,77049
81,1,57,29.9,77059
81,1,58,30.2,78069
81,1,59,30.6,78059
81,1,60,31,98099
81,1,61,31.4,98019
81,1,62,32,76249
81,1,63,32.3,76239
81,1,64,32.7,76229
81,1,65,33,76219
81,1,66,33.4,76209
81,1,67,33.7,76199
81,1,68,34,75009
811,1,1,0,59009
811,1,2,0.7,59169
811,1,3,1.1,59179
811,1,4,1.4,59189
811,1,5,1.7,59199
811,1,6,2,59209
811,1,7,2.4,59211
811,1,8,2.8,59221
811,1,9,3.2,59261
811,1,10,3.6,59271
811,1,11,4,57129
811,1,12,4.3,57119
811,1,13,4.5,59119
811,1,14,5,59149
811,1,15,5.3,59159
811,1,16,5.5,59091
811,1,17,6.1,59251
811,1,18,6.5,59229
811,1,19,6.9,59219
811,1,20,7.4,59201
811,1,21,7.7,59191
811,1,22,8.1,59181
811,1,23,8.4,59171
811,1,24,8.8,59161
811,1,25,9.2,59072
811,1,26,9.5,59008
811,1,27,9.5,59008
811,1,28,9.7,59069
811,1,29,10.3,59339
811,1,30,10.9,59321
811,1,31,11.1,59561
811,1,32,11.4,59421
811,1,33,11.7,59431
811,1,34,12.3,59449
811,1,35,12.7,59481
811,1,36,13.1,59499
811,1,37,13.6,59501
811,1,38,14,59441
811,1,39,14.5,59439
811,1,40,14.9,59429
811,1,41,15.2,59569
811,1,42,15.4,59329
811,1,43,15.9,59331
811,1,44,16.3,58991
811,1,45,16.8,59009
811A,1,1,0,59009
811A,1,2,0.7,59169
811A,1,3,1.1,59179
811A,1,4,1.4,59189
811A,1,5,1.7,59199
811A,1,6,2,59209
811A,1,7,2.4,59211
811A,1,8,2.8,59221
811A,1,9,3.2,59261
811A,1,10,3.6,59271
811A,1,11,4,57129
811A,1,12,4.3,57119
811A,1,13,4.5,59119
811A,1,14,5,59149
811A,1,15,5.3,59159
812,1,1,0,59009
812,1,2,0.7,59169
812,1,3,1.1,59359
812,1,4,1.4,59709
812,1,5,1.7,59349
812,1,6,2,59369
812,1,7,2.4,59379
812,1,8,2.9,59291
812,1,9,3.4,59281
812,1,10,3.7,59701
812,1,11,4.1,59351
812,1,12,4.5,59161
812,1,13,4.9,59072
812,1,14,5.2,59008
812,1,15,5.2,59008
812,1,16,5.8,59091
812,1,17,6.4,59101
812,1,18,6.8,59121
812,1,19,7.1,59131
812,1,20,7.5,59301
812,1,21,7.8,59311
812,1,22,8.1,59081
812,1,23,8.5,59321
812,1,24,8.7,59561
812,1,25,9,59051
812,1,26,9.5,59339
812,1,27,9.9,59089
812,1,28,10.1,59319
812,1,29,10.4,59309
812,1,30,10.8,59139
812,1,31,11.2,59129
812,1,32,11.6,59109
812,1,33,12,59099
812,1,34,12.5,59073
812,1,35,12.8,59009
82,1,1,0,65009
82,1,2,0.5,65201
82,1,3,0.8,65079
82,1,4,1.3,65069
82,1,5,1.6,65059
82,1,6,2,65049
82,1,7,2.3,65039
82,1,8,2.6,65029
82,1,9,3.1,65019
82,1,10,3.5,64029
82,1,11,3.9,64429
82,1,12,4.4,64381
82,1,13,4.7,64391
82,1,14,5,63351
82,1,15,5.4,63341
82,1,16,5.9,63059
82,1,17,6.3,63049
82,1,18,6.7,63039
82,1,19,7.2,63029
82,1,20,7.8,63019
82,1,21,8.1,62149
82,1,22,8.5,66351
82,1,23,8.9,66371
82,1,24,9.3,63149
82,1,25,9.9,63011
82,1,26,10.4,63021
82,1,27,11,63031
82,1,28,11.3,63041
82,1,29,11.5,63051
82,1,30,12,63349
82,1,31,12.5,63359
82,1,32,12.8,64399
82,1,33,13.2,64389
82,1,34,13.7,64421
82,1,35,14.1,64021
82,1,36,14.5,65011
82,1,37,14.9,65021
82,1,38,15.3,65031
82,1,39,15.6,65041
82,1,40,16.2,65061
82,1,41,16.7,65071
82,1,42,17,65209
82,1,43,17.5,65009
825,1,1,0,55509
825,1,2,0.5,55171
825,1,3,1,55029
825,1,4,1.4,55349
825,1,5,1.7,55339
825,1,6,2.1,55351
825,1,7,2.7,55371
825,1,8,3,55381
825,1,9,3.3,55361
825,1,10,3.7,55331
825,1,11,4,55341
825,1,12,4.3,55021
825,1,13,4.9,55179
825,1,14,5.3,55189
825,1,15,5.7,55509
83,1,1,0,65009
83,1,2,0.6,65221
83,1,3,0.9,65281
83,1,4,1.4,65271
83,1,5,2,65261
83,1,6,2.5,65239
83,1,7,3.1,65179
83,1,8,3.5,65169
83,1,9,4,65159
83,1,10,4.3,65079
83,1,11,4.8,65069
83,1,12,5.1,67251
83,1,13,5.4,67431
83,1,14,5.8,67411
83,1,15,6.1,67441
83,1,16,6.8,67009
83,1,17,7.6,67449
83,1,18,7.9,67419
83,1,19,8.4,67439
83,1,20,8.7,67259
83,1,21,8.9,65061
83,1,22,9.4,65071
83,1,23,9.8,65151
83,1,24,10.1,65161
83,1,25,10.6,65171
83,1,26,11.2,65231
83,1,27,11.6,65269
83,1,28,12.1,65279
83,1,29,12.6,65289
83,1,30,12.9,65229
83,1,31,13.4,65009
84,1,1,0,65009
84,1,2,0.6,65221
84,1,3,0.9,65091
84,1,4,1.5,65489
84,1,5,2.3,65469
84,1,6,2.5,65619
84,1,7,3.1,65629
84,1,8,3.4,65639
84,1,9,3.8,65689
84,1,10,4.5,65139
84,1,11,5,65681
84,1,12,5.4,65631
84,1,13,5.8,65621
84,1,14,6.4,65611
84,1,15,6.7,65461
84,1,16,7.4,65481
84,1,17,8,65099
84,1,18,8.3,65229
84,1,19,8.8,65009
85,1,1,0,65009
85,1,2,0.6,65221
85,1,3,0.9,65281
85,1,4,1.4,65271
85,1,5,2,65261
85,1,6,2.5,65239
85,1,7,2.9,65529
85,1,8,3.6,67529
85,1,9,4,67539
85,1,10,4.2,67131
85,1,11,4.5,67141
85,1,12,5.2,67179
85,1,13,5.5,67349
85,1,14,6.2,67449
85,1,15,6.5,67399
85,1,16,6.8,67389
85,1,17,7.1,67549
85,1,18,7.7,67559
85,1,19,8.1,67569
85,1,20,8.4,67579
85,1,21,8.8,68031
85,1,22,9.1,68051
85,1,24,14.4,55281
85,1,25,14.9,59011
85,1,26,15.8,59021
85,1,27,16.2,59031
85,1,28,16.6,59041
85,1,29,17,59051
85,1,30,17.6,58991
85,1,31,18.1,59009
85,2,1,0,59009
85,2,2,0.2,59069
85,2,3,0.9,59059
85,2,4,1.4,59049
85,2,5,1.8,59039
85,2,6,2.5,59029
85,2,7,3.2,59019
85,2,8,3.7,55289
85,2,11,9.1,68059
85,2,12,9.3,68049
85,2,13,9.5,68039
85,2,14,9.8,67571
85,2,15,10.1,67561
85,2,16,10.5,67551
85,2,17,11.2,67541
85,2,18,11.4,67381
85,2,19,11.7,67391
85,2,20,12.1,67441
85,2,21,12.7,67341
85,2,22,13.2,67171
85,2,23,13.9,67139
85,2,24,14.3,67531
85,2,25,14.6,67521
85,2,26,15.2,65521
85,2,27,15.7,65231
85,2,28,16.1,65269
85,2,29,16.6,65279
85,2,30,17.1,65289
85,2,31,17.4,65229
85,2,32,17.9,65009
850E,1,1,0,59581
850E,1,2,0.5,59471
850E,1,3,1.1,59461
850E,1,4,1.5,59639
850E,1,5,1.8,59579
850E,1,6,2,59761
850E,1,7,2.2,59719
850E,1,8,2.6,59439
850E,1,9,3,59429
850E,1,18,21.5,08057
850E,1,19,22,08069
850E,1,20,22.3,04179
850E,1,21,22.7,02049
850E,1,22,23.1,02119
850E,1,23,24.1,03019
850E,1,24,24.4,03059
850E,1,25,24.8,03129
850E,1,26,25.3,03218
850E,2,1,0,03222
850E,2,2,0.7,03111
850E,2,3,1,03071
850E,2,4,1.3,03031
850E,2,5,1.9,03011
850E,2,6,2.5,02111
850E,2,7,3,04111
850E,2,8,3.4,04121
850E,2,9,3.7,08041
850E,2,10,4,08031
850E,2,19,22.7,59421
850E,2,20,23,59431
850E,2,21,23.6,59711
850E,2,22,24.1,59581
850E,2,23,24.6,59471
850E,2,24,25.2,59461
850E,2,25,25.6,59639
850E,2,26,25.9,59579
851,1,1,0,59009
851,1,2,0.2,59069
851,1,3,0.9,59059
851,1,4,1.4,59049
851,1,5,1.8,59039
851,1,6,2.5,59029
851,1,7,3.2,59019
851,1,8,4.7,55269
851,1,9,4.9,55259
851,1,10,5.2,55249
851,1,11,5.7,55179
851,1,12,6.1,55189
851,1,13,6.6,55209
851,1,14,6.9,54059
851,1,15,7.2,54049
851,1,16,7.5,54039
851,1,17,8.1,54019
851,1,18,8.6,53169
851,1,19,8.9,53159
851,1,20,9.4,53149
851,1,21,9.7,53139
851,1,22,10.2,53129
851,1,23,10.6,53119
851,1,24,11,51089
851,1,25,11.6,51059
851,1,26,12,51049
851,1,27,12.3,51039
851,1,28,12.5,51029
851,1,29,12.7,51019
851,1,30,13.2,50059
851,1,31,13.4,50049
851,1,32,13.9,50038
851,1,33,14.3,50029
851,1,34,14.9,50019
851,1,35,15.1,40109
851,1,36,15.6,40019
851,1,37,16,07539
851,1,38,16.4,07589
851,1,39,16.9,01139
851,1,40,17.2,01039
851,1,41,17.4,01029
851,1,42,18,04168
851,1,43,18.2,04249
851,1,44,18.6,05029
851,1,45,19.2,05131
851,1,46,19.6,05039
851,1,47,19.9,05019
851,1,48,20.4,06011
851,1,49,21,06051
851,1,50,21.3,10141
851,1,51,21.7,10151
851,1,52,21.9,10161
851,1,53,22.3,10171
851,1,54,22.5,10359
851,1,55,22.8,10349
851,1,56,23.5,10009
851,2,1,0,10009
851,2,2,0.7,10341
851,2,3,1,10351
851,2,4,1.3,10179
851,2,5,1.8,10169
851,2,6,2.4,10149
851,2,7,2.8,06049
851,2,8,3.3,06029
851,2,9,3.7,05012
851,2,10,4.3,05022
851,2,11,4.8,04222
851,2,12,5.1,04223
851,2,13,5.7,04151
851,2,14,6.1,01013
851,2,15,6.4,01112
851,2,16,6.7,07551
851,2,17,7,07531
851,2,18,7.4,40011
851,2,19,8,40101
851,2,20,8.2,50011
851,2,21,8.9,50021
851,2,22,9.4,50031
851,2,23,9.7,50041
851,2,24,9.9,50051
851,2,25,10.2,51011
851,2,26,10.6,51021
851,2,27,10.8,51031
851,2,28,11,51041
851,2,29,11.4,51051
851,2,30,12,51081
851,2,31,12.6,53111
851,2,32,13.1,53121
851,2,33,13.6,53131
851,2,34,13.9,53141
851,2,35,14.3,53151
851,2,36,14.6,53161
851,2,37,15,54011
851,2,38,15.6,54031
851,2,39,16,54041
851,2,40,16.3,54051
851,2,41,16.6,55201
851,2,42,16.9,55181
851,2,43,17.4,55171
851,2,44,17.8,55241
851,2,45,18.1,55251
851,2,46,18.4,55261
851,2,47,19.9,59011
851,2,48,20.8,59021
851,2,49,21.2,59031
851,2,50,21.6,59041
851,2,51,22,59051
851,2,52,22.6,58991
851,2,53,23.1,59009
851e,1,1,0,59009
851e,1,2,0.2,59069
851e,1,3,0.9,59059
851e,1,4,1.4,59049
851e,1,5,1.8,59039
851e,1,6,6.1,55189
851e,1,7,6.6,55209
851e,1,8,6.9,54059
851e,1,9,7.2,54049
851e,1,10,7.5,54039
851e,1,11,8.1,54019
851e,1,12,16.9,40019
851e,1,13,17.3,07539
851e,1,14,17.7,07589
851e,1,15,18.2,01139
851e,1,16,18.5,01039
851e,1,17,18.7,01029
851e,1,18,19.3,04168
851e,1,19,19.5,04249
851e,1,20,19.9,05029
851e,1,21,20.5,05131
851e,1,22,20.9,05039
851e,1,23,21.2,05019
851e,2,1,0,05012
851e,2,2,0.6,05022
851e,2,3,1.1,04222
851e,2,4,1.4,04223
851e,2,5,2,04151
851e,2,6,2.4,01013
851e,2,7,2.7,01112
851e,2,8,3,07551
851e,2,9,3.3,07531
851e,2,10,3.7,40011
851e,2,11,12.5,54011
851e,2,12,13.1,54031
851e,2,13,13.5,54041
851e,2,14,13.8,54051
851e,2,15,14.1,55201
851e,2,16,14.4,55181
851e,2,17,18.7,59031
851e,2,18,19.1,59041
851e,2,19,19.5,59051
851e,2,20,20.1,58991
851e,2,21,20.6,59009
852,1,1,0,59009
852,1,2,0.2,59069
852,1,3,0.9,59059
852,1,4,1.4,59049
852,1,5,1.8,59039
852,1,6,2.5,59029
852,1,7,3.2,59019
852,1,8,4.7,55269
852,1,9,4.9,55259
852,1,10,5.2,55249
852,1,11,5.7,55179
852,1,12,6.1,55189
852,1,13,6.6,55209
852,1,14,6.9,54059
852,1,15,7.2,54049
852,1,16,7.5,54039
852,1,17,8.1,54019
852,1,18,8.6,53169
852,1,19,8.9,53159
852,1,20,9.4,53149
852,1,21,9.7,53139
852,1,22,10.6,53019
852,1,23,11.2,51079
852,1,24,11.7,51119
852,1,25,13.3,41169
852,1,26,14.1,41139
852,1,27,14.6,41129
852,1,28,15,41031
852,1,29,15.2,41041
852,1,30,15.6,41051
852,1,31,15.8,41061
852,1,32,16.2,41071
852,1,33,16.8,41081
852,1,34,17.1,42011
852,1,35,17.4,42021
852,1,36,17.7,42031
852,1,37,18.1,42041
852,1,38,18.6,42051
852,1,39,18.9,42061
852,1,40,19.3,42071
852,1,41,19.8,42091
852,1,42,20.3,42111
852,1,43,20.5,43011
852,1,44,20.9,43631
852,1,45,21.4,43201
852,1,46,22,43191
852,1,47,22.4,43181
852,1,48,22.8,43171
852,1,49,23.3,43009
852,2,1,0,43009
852,2,2,0.6,43179
852,2,3,1,43189
852,2,4,1.4,43199
852,2,5,1.9,43209
852,2,6,2.5,43639
852,2,7,2.9,43019
852,2,8,3.2,42119
852,2,9,3.8,42109
852,2,10,4.2,42089
852,2,11,4.9,42059
852,2,12,5.1,42049
852,2,13,5.5,42039
852,2,14,6,42029
852,2,15,6.5,42019
852,2,16,6.9,41089
852,2,17,7.3,41079
852,2,18,7.9,41069
852,2,19,8.3,41049
852,2,20,8.8,41121
852,2,21,9.3,41131
852,2,22,10.1,41161
852,2,23,11.8,51111
852,2,24,12.2,51071
852,2,25,12.7,53011
852,2,26,13.4,53121
852,2,27,13.9,53131
852,2,28,14.2,53141
852,2,29,14.6,53151
852,2,30,14.9,53161
852,2,31,15.3,54011
852,2,32,15.9,54031
852,2,33,16.3,54041
852,2,34,16.6,54051
852,2,35,16.9,55201
852,2,36,17.2,55181
852,2,37,17.7,55171
852,2,38,18.1,55241
852,2,39,18.4,55251
852,2,40,18.7,55261
852,2,41,20.2,59011
852,2,42,21.1,59021
852,2,43,21.5,59031
852,2,44,21.9,59041
852,2,45,22.3,59051
852,2,46,22.9,58991
852,2,47,23.4,59009
853,1,1,0,59009
853,1,2,1.2,59669
853,1,3,1.5,59619
853,1,4,2,59059
853,1,5,2.5,59049
853,1,6,2.9,59039
853,1,7,3.6,59029
853,1,8,4.3,59019
853,1,9,5.8,55269
853,1,10,6,55259
853,1,11,6.3,55249
853,1,12,6.8,55179
853,1,13,7.2,55189
853,1,14,7.7,55209
853,1,15,8,54059
853,1,16,8.3,54049
853,1,17,8.6,54039
853,1,18,8.9,54241
853,1,19,9.5,54339
853,1,20,9.9,54329
853,1,21,10.2,54319
853,1,22,10.8,54101
853,1,23,11.7,66091
853,1,24,12.2,66031
853,1,25,12.7,66041
853,1,26,13,66051
853,1,27,13.4,66379
853,1,28,13.9,62139
853,1,29,14.2,62129
853,1,30,14.5,62119
853,1,31,14.8,61049
853,1,32,15.2,61039
853,1,33,15.5,61029
853,1,34,15.8,61019
853,1,35,16.1,60269
853,1,36,16.2,60209
853,1,37,16.7,60179
853,1,38,17.3,60221
853,1,39,17.6,60039
853,1,40,18.1,60029
853,1,41,18.5,60059
853,1,42,19.2,80109
853,1,43,19.8,80009
853,2,1,0,80009
853,2,2,0.3,80101
853,2,3,1,60051
853,2,4,1.6,60021
853,2,5,2.1,60031
853,2,6,2.4,60229
853,2,7,2.9,60159
853,2,9,4,60161
853,2,10,4.6,60201
853,2,11,4.8,60261
853,2,12,5,61011
853,2,13,5.3,61021
853,2,14,5.5,61031
853,2,15,5.8,61041
853,2,16,6.2,62111
853,2,17,6.4,62121
853,2,18,6.7,62131
853,2,19,7.3,66371
853,2,20,7.6,66059
853,2,21,8,66049
853,2,22,8.3,66039
853,2,23,9,66099
853,2,24,9.9,54109
853,2,25,10.5,54311
853,2,26,10.8,54321
853,2,27,11.2,54331
853,2,28,11.7,54247
853,2,29,12,54031
853,2,30,12.4,54041
853,2,31,12.7,54051
853,2,32,13,55201
853,2,33,13.3,55181
853,2,34,13.8,55171
853,2,35,14.2,55241
853,2,36,14.5,55251
853,2,37,14.8,55261
853,2,38,16.3,59011
853,2,39,17.2,59021
853,2,40,17.6,59031
853,2,41,18,59041
853,2,42,18.4,59051
853,2,43,19.1,59611
853,2,44,19.4,59661
853,2,45,20.5,59009
853M,1,1,0,59009
853M,1,2,1.2,59669
853M,1,3,1.5,59619
853M,1,4,2,59059
853M,1,5,2.5,59049
853M,1,6,2.9,59039
853M,1,7,3.6,59029
853M,1,8,4.3,59019
853M,1,9,5.8,55269
853M,1,10,6,55259
853M,1,11,6.3,55249
853M,1,12,6.8,55179
853M,1,13,7.2,55189
853M,1,14,7.7,55209
853M,1,15,8,54059
853M,1,16,8.3,54049
853M,1,17,8.6,54039
853M,1,18,8.9,54241
853M,1,19,9.5,54339
853M,1,20,9.9,54329
853M,1,21,10.2,54319
853M,1,22,10.8,54101
853M,1,23,11.7,66091
853M,1,24,12.2,66031
853M,1,25,12.7,66041
853M,1,26,13,66051
853M,1,27,13.4,66379
853M,1,28,13.9,62139
853M,1,29,14.2,62129
853M,1,30,14.5,62119
853M,1,31,14.8,61049
853M,1,32,15.2,61039
853M,1,33,15.5,61029
853M,1,34,15.8,61019
853M,1,35,16.1,60269
853M,1,36,16.2,60209
853M,1,37,16.7,60179
853M,1,38,17.3,60221
853M,1,39,17.6,60039
853M,1,40,18.1,60029
853M,1,41,18.5,60059
853M,1,42,19.2,80109
853M,1,43,19.5,80051
853M,1,44,19.9,80071
853M,1,45,20.4,80091
853M,1,46,20.7,81011
853M,1,47,21,81031
853M,1,48,21.5,81051
853M,1,49,22,82119
853M,1,50,22.4,82099
853M,1,51,22.6,82089
853M,1,52,22.9,82079
853M,1,53,23.4,92169
853M,1,55,24.2,92249
853M,1,56,24.8,92041
853M,1,57,25.2,92051
853M,1,58,25.6,92061
853M,1,59,26.1,92071
853M,1,60,26.4,92081
853M,1,61,26.8,93011
853M,1,62,27.2,93021
853M,1,63,27.6,93031
853M,1,64,28.3,93041
853M,1,65,28.6,93139
853M,1,66,28.9,94011
853M,1,67,29.3,94021
853M,1,68,29.6,94031
853M,1,69,30,94041
853M,1,70,30.4,94051
853M,1,71,30.9,94061
853M,1,72,31.1,94009
853M,2,1,0,94009
853M,2,2,0.4,94069
853M,2,3,0.7,94059
853M,2,4,1.1,94049
853M,2,5,1.3,94089
853M,2,6,1.6,94039
853M,2,7,2,94029
853M,2,8,2.2,94019
853M,2,9,2.5,93131
853M,2,10,2.8,93049
853M,2,11,3.2,93039
853M,2,12,3.5,93201
853M,2,13,3.9,93029
853M,2,14,4.3,93019
853M,2,15,4.7,92089
853M,2,16,5,92079
853M,2,17,5.5,92069
853M,2,18,5.9,92059
853M,2,19,6.2,92049
853M,2,20,7,92241
853M,2,22,7.8,92161
853M,2,23,8.2,82071
853M,2,24,8.6,82081
853M,2,25,8.8,82091
853M,2,26,9.2,82109
853M,2,27,9.5,81069
853M,2,28,9.9,81049
853M,2,29,10.2,81029
853M,2,30,10.7,80089
853M,2,31,11.1,80069
853M,2,32,11.6,80049
853M,2,33,12,80101
853M,2,34,12.7,60051
853M,2,35,13.3,60021
853M,2,36,13.8,60031
853M,2,37,14.1,60229
853M,2,38,14.6,60159
853M,2,40,15.7,60161
853M,2,41,16.3,60201
853M,2,42,16.5,60261
853M,2,43,16.7,61011
853M,2,44,17,61021
853M,2,45,17.2,61031
853M,2,46,17.5,61041
853M,2,47,17.9,62111
853M,2,48,18.1,62121
853M,2,49,18.4,62131
853M,2,50,19,66371
853M,2,51,19.3,66059
853M,2,52,19.7,66049
853M,2,53,20,66039
853M,2,54,20.7,66099
853M,2,55,21.6,54109
853M,2,56,22.2,54311
853M,2,57,22.5,54321
853M,2,58,22.9,54331
853M,2,59,23.4,54247
853M,2,60,23.7,54031
853M,2,61,24.1,54041
853M,2,62,24.4,54051
853M,2,63,24.7,55201
853M,2,64,25,55181
853M,2,65,25.5,55171
853M,2,66,25.9,55241
853M,2,67,26.2,55251
853M,2,68,26.5,55261
853M,2,69,28,59011
853M,2,70,28.9,59021
853M,2,71,29.3,59031
853M,2,72,29.7,59041
853M,2,73,30.1,59051
853M,2,74,30.8,59611
853M,2,75,31.1,59661
853M,2,76,32.2,59009
854,1,1,0,59009
854,1,2,0.2,59069
854,1,3,0.9,59059
854,1,4,1.4,59049
854,1,5,1.8,59039
854,1,6,2.5,59029
854,1,7,3.2,59019
854,1,8,4.7,55269
854,1,9,4.9,55259
854,1,10,5.2,55249
854,1,11,5.7,55031
854,1,12,6,55041
854,1,13,6.4,55051
854,1,14,6.8,55071
854,1,15,7.2,55081
854,1,16,7.6,55101
854,1,17,7.9,67011
854,1,18,8.2,67021
854,1,19,8.8,67041
854,1,20,9.1,67051
854,1,21,9.4,67061
854,1,22,9.9,67071
854,1,23,10.2,64129
854,1,24,10.6,64119
854,1,25,11.1,64109
854,1,26,11.4,63311
854,1,27,11.8,63321
854,1,28,12.2,63331
854,1,29,12.6,63341
854,1,30,13.2,63249
854,1,31,13.7,63071
854,1,32,14,63081
854,1,33,14.4,63091
854,1,34,14.7,63101
854,1,35,15.1,62231
854,1,36,15.4,62241
854,1,37,15.8,71051
854,1,38,16.3,71061
854,1,39,16.7,71071
854,1,40,17.1,71081
854,1,41,17.6,71091
854,1,42,18,72019
854,1,43,18.7,83119
854,1,44,18.9,83109
854,1,45,19.4,83011
854,1,46,19.7,83031
854,1,47,20.1,83062
854,1,48,20.6,83081
854,1,49,21.2,84011
854,1,50,21.5,84021
854,1,53,22.3,84009
854,2,1,0,84009
854,2,4,0.7,84029
854,2,5,1,84019
854,2,6,1.5,83099
854,2,7,1.9,83079
854,2,8,2.3,83059
854,2,9,2.5,83049
854,2,10,3.4,83101
854,2,11,3.7,83111
854,2,12,4.2,72011
854,2,13,4.5,71099
854,2,14,4.9,71089
854,2,15,5.3,71079
854,2,16,5.8,71069
854,2,17,6.2,71059
854,2,18,6.6,62249
854,2,19,7,62239
854,2,20,7.4,63109
854,2,21,7.7,63099
854,2,22,8.1,63089
854,2,23,8.5,63079
854,2,24,9,63241
854,2,25,9.5,63349
854,2,26,10.1,63339
854,2,27,10.4,63329
854,2,28,10.9,63319
854,2,29,11.4,64101
854,2,30,11.8,64111
854,2,31,12.2,64121
854,2,32,12.5,67079
854,2,33,12.9,67069
854,2,34,13.2,67059
854,2,35,13.6,67049
854,2,36,13.8,67039
854,2,37,14.1,67029
854,2,38,14.4,67019
854,2,39,14.7,55109
854,2,40,15.1,55089
854,2,41,15.4,55079
854,2,42,15.9,55059
854,2,43,16.2,55049
854,2,44,16.6,55039
854,2,45,17.1,55241
854,2,46,17.4,55251
854,2,47,17.7,55261
854,2,48,19.2,59011
854,2,49,20.1,59021
854,2,50,20.5,59031
854,2,51,20.9,59041
854,2,52,21.3,59051
854,2,53,21.9,58991
854,2,54,22.4,59009
854e,1,1,0,59009
854e,1,2,0.2,59069
854e,1,3,0.9,59059
854e,1,4,1.4,59049
854e,1,5,1.8,59039
854e,1,9,9.3,67051
854e,1,11,10.4,64129
854e,1,12,10.8,64119
854e,1,13,11.3,64109
854e,1,14,11.6,63311
854e,1,15,12,63321
854e,1,16,12.4,63331
854e,1,17,12.8,63341
854e,1,18,13.4,63249
854e,1,19,13.9,63071
854e,1,20,14.2,63081
854e,1,21,14.6,63091
854e,1,22,14.9,63101
854e,1,24,16.5,71061
854e,1,25,16.9,71071
854e,1,26,17.3,71081
854e,1,27,17.8,71091
854e,1,28,18.2,72019
854e,1,32,21.9,84009
855,1,1,0,59009
855,1,2,0.2,59069
855,1,3,0.9,59059
855,1,4,1.4,59049
855,1,5,1.8,59039
855,1,6,2.5,59029
855,1,7,3.2,59019
855,1,8,4.7,55269
855,1,9,4.9,55259
855,1,10,5.8,55029
855,1,11,6.3,55019
855,1,12,6.8,56209
855,1,13,7.1,56199
855,1,14,7.4,56039
855,1,15,7.8,56029
855,1,16,8.3,56019
855,1,17,8.6,53099
855,1,18,8.9,53089
855,1,19,9.3,53079
855,1,20,9.7,53069
855,1,21,10.1,53059
855,1,22,10.5,53049
855,1,23,10.8,53039
855,1,24,11.1,53029
855,1,25,11.5,53019
855,1,26,12.1,51079
855,1,27,12.6,51119
855,1,28,14.2,41169
855,1,29,15,41139
855,1,30,15.5,41129
855,1,31,16.1,41119
855,1,32,16.4,41109
855,1,33,16.8,11119
855,1,34,17.1,11109
855,1,35,17.4,11099
855,1,36,17.8,11089
855,1,37,18.3,11079
855,1,38,18.6,11069
855,1,39,19,11059
855,1,40,19.4,11049
855,1,41,19.8,11039
855,1,42,20.2,11029
855,1,43,20.8,11019
855,1,44,21.1,10139
855,1,45,21.4,10119
855,1,46,21.6,10109
855,1,47,22.1,10099
855,1,48,22.6,10089
855,1,49,23,10369
855,1,50,23.4,14039
855,1,51,23.9,14029
855,1,52,24.4,14019
855,1,53,25.1,14141
855,1,54,25.8,14009
855,2,1,0,14009
855,2,2,0.4,14129
855,2,3,0.7,14119
855,2,4,1.3,14011
855,2,5,1.7,14021
855,2,6,1.9,14379
855,2,7,2.3,14031
855,2,8,2.8,10361
855,2,9,3.1,10081
855,2,10,3.7,10091
855,2,11,4.2,10101
855,2,12,4.7,10111
855,2,13,5,10131
855,2,14,5.7,11021
855,2,15,6,11031
855,2,16,6.7,11041
855,2,17,7.1,11051
855,2,18,7.5,11061
855,2,19,7.9,11071
855,2,20,8.2,11081
855,2,21,8.6,11091
855,2,22,9.1,11101
855,2,23,9.4,11111
855,2,24,9.6,41101
855,2,25,10,41111
855,2,26,10.6,41121
855,2,27,11.1,41131
855,2,28,11.9,41161
855,2,29,13.6,51111
855,2,30,14,51071
855,2,31,14.5,53011
855,2,32,15,53021
855,2,33,15.5,53041
855,2,34,15.8,53051
855,2,35,16.3,53061
855,2,36,16.7,53071
855,2,37,17,53081
855,2,38,17.2,53091
855,2,39,17.6,56011
855,2,40,18,56021
855,2,41,18.5,56031
855,2,42,18.8,56191
855,2,43,19.2,56201
855,2,44,19.6,55011
855,2,45,20.1,55021
855,2,46,20.7,55241
855,2,47,21,55251
855,2,48,21.3,55261
855,2,49,22.8,59011
855,2,50,23.7,59021
855,2,51,24.1,59031
855,2,52,24.5,59041
855,2,53,24.9,59051
855,2,54,25.5,58991
855,2,55,26,59009
856,1,1,0,59009
856,1,2,0.8,59141
856,1,3,1.2,59111
856,1,4,1.6,57111
856,1,5,1.9,57121
856,1,6,2.4,57131
856,1,7,2.8,58011
856,1,8,3,58021
856,1,9,3.4,58101
856,1,10,3.6,58151
856,1,11,3.9,58111
856,1,12,4.2,58121
856,1,13,4.6,58131
856,1,14,5.2,58169
856,1,15,5.6,58149
856,1,16,6.1,47809
856,1,17,6.6,47119
856,1,18,6.9,47109
856,1,19,7.4,47099
856,1,20,7.7,47089
856,1,21,8.3,47079
856,1,22,8.8,47069
856,1,23,9.2,47059
856,1,24,9.6,47049
856,1,25,10,47039
856,1,26,11,47201
856,1,27,11.6,47029
856,1,28,12,47019
856,1,29,12.6,46139
856,1,30,12.9,46129
856,1,31,13.5,46119
856,1,32,14,46501
856,1,33,14.4,46511
856,1,34,14.8,46521
856,1,35,15.2,46531
856,1,36,15.6,46541
856,1,37,16.3,46009
856,2,1,0,46009
856,2,2,0.9,46549
856,2,3,1.3,46539
856,2,4,1.7,46529
856,2,5,2.3,46519
856,2,6,2.6,46509
856,2,7,3.4,46069
856,2,8,3.7,46088
856,2,9,4.1,46111
856,2,10,4.5,46121
856,2,11,4.8,46131
856,2,12,5.3,47011
856,2,13,5.8,47021
856,2,14,6.3,47201
856,2,15,7.3,47031
856,2,16,7.7,47041
856,2,17,8.2,47051
856,2,18,8.5,47061
856,2,19,9,47071
856,2,20,9.7,47081
856,2,21,10.1,47091
856,2,22,10.5,47101
856,2,23,10.8,47111
856,2,24,11.2,47801
856,2,25,11.6,58141
856,2,26,12.1,58161
856,2,27,12.8,58139
856,2,28,13.3,58129
856,2,29,13.5,58119
856,2,30,13.8,58159
856,2,31,14,58109
856,2,32,14.4,58029
856,2,33,14.7,58019
856,2,34,15,57139
856,2,35,15.4,57129
856,2,36,15.7,57119
856,2,37,15.9,59119
856,2,38,16.4,59149
856,2,39,17.2,59009
856A,1,1,0,46009
856A,1,2,0.9,46549
856A,1,3,1.3,46539
856A,1,4,1.7,46529
856A,1,5,2.3,46519
856A,1,6,2.6,46509
856A,1,7,3.4,46069
857,1,1,0,59009
857,1,2,0.2,59069
857,1,3,0.9,59059
857,1,4,1.4,59049
857,1,5,1.8,59039
857,1,6,2.5,59029
857,1,7,3.2,59019
857,1,8,4.7,55269
857,1,9,4.9,55259
857,1,10,5.2,55249
857,1,11,5.7,55031
857,1,12,6,55041
857,1,13,6.4,55051
857,1,14,6.8,55071
857,1,15,7.2,55081
857,1,17,14.8,60081
857,1,18,15.4,60179
857,1,19,15.6,60159
857,1,20,15.9,60139
857,1,21,16.4,60119
857,1,22,16.9,60099
857,1,23,17.2,07329
857,1,24,17.5,07319
857,1,25,18,07419
857,1,26,18.3,07529
857,1,27,18.8,07518
857,1,28,19.2,04019
857,1,29,19.5,04179
857,1,30,19.9,02049
857,1,32,20.5,02151
857,1,33,21.2,02161
857,1,34,21.5,02171
857,1,35,21.9,02051
857,1,36,22.2,02061
857,1,37,22.9,04111
857,1,38,23.3,04121
857,1,39,23.7,08079
857,1,40,23.9,07011
857,1,41,24.3,07021
857,1,42,24.5,07031
857,1,43,24.9,07111
857,1,44,25.5,07211
857,1,45,25.8,07221
857,1,46,26.2,60101
857,1,47,26.5,60121
857,1,48,26.9,60141
857,1,49,27.2,60161
857,1,50,27.5,60181
857,1,51,27.8,60089
857,1,53,35.6,55089
857,1,54,35.9,55079
857,1,55,36.4,55059
857,1,56,36.7,55049
857,1,57,37.1,55039
857,1,58,37.6,55241
857,1,59,37.9,55251
857,1,60,38.2,55261
857,1,61,39.7,59011
857,1,62,40.6,59021
857,1,63,41,59031
857,1,64,41.4,59041
857,1,65,41.8,59051
857,1,66,42.4,58991
857,1,67,42.9,59009
857A,1,1,0,59009
857A,1,2,0.8,59069
857A,1,3,1.3,59059
857A,1,4,1.8,59049
857A,1,5,2.2,59039
857A,1,6,2.9,59029
857A,1,7,3.6,59019
857A,1,8,5.1,55269
857A,1,9,5.3,55259
857A,1,10,5.6,55249
857A,1,11,6.1,55031
857A,1,12,6.4,55041
857A,1,13,6.8,55051
857A,1,14,7.2,55071
857A,1,15,7.6,55081
858,1,1,0,46009
858,1,2,0.5,46281
858,1,3,0.9,46391
858,1,4,1.3,46401
858,1,5,1.5,46411
858,1,6,2.1,46461
858,1,7,2.6,46471
858,1,8,3,46481
858,1,9,3.5,46731
858,1,10,3.9,46741
858,1,11,4.3,47621
858,1,12,4.7,58381
858,1,13,5,58229
858,1,14,5.4,58219
858,1,15,5.8,58159
858,1,16,6,58109
858,1,17,6.4,58029
858,1,18,6.7,58019
858,1,19,7,57139
858,1,20,7.4,57129
858,1,21,7.7,57119
858,1,22,7.9,59119
858,1,23,8.4,59149
858,1,24,9,59073
858,1,25,9.2,59069
858,1,26,9.7,59619
858,1,27,10.2,59059
858,1,28,10.7,59049
858,1,29,11.1,59039
858,1,30,11.8,59029
858,1,31,12.5,59019
858,1,32,13,55289
858,1,35,18.2,68111
858,1,36,22.2,65199
858,1,39,33.7,95151
858,1,40,34.2,95011
858,1,41,35.6,95109
858,1,42,36.4,95029
858,1,43,37.2,95129
858,1,44,38.3,95019
858,1,45,39.1,95159
858,1,48,50.8,65191
858,1,49,55,68119
858,1,52,60.5,55281
858,1,53,61,59011
858,1,54,61.9,59021
858,1,55,62.3,59031
858,1,56,62.7,59041
858,1,57,63.1,59051
858,1,58,63.8,59611
858,1,59,64.1,59061
858,1,60,64.5,59079
858,1,61,64.9,59141
858,1,62,65.3,59111
858,1,63,65.7,57111
858,1,64,66,57121
858,1,65,66.5,57131
858,1,66,66.9,58011
858,1,67,67.1,58021
858,1,68,67.5,58101
858,1,69,67.7,58151
858,1,70,68.1,58211
858,1,71,68.5,58221
858,1,72,68.9,58389
858,1,73,69.3,47629
858,1,74,69.7,46749
858,1,75,70.1,46739
858,1,76,70.5,46489
858,1,77,70.9,46479
858,1,78,71.3,46469
858,1,79,71.9,46419
858,1,80,72.3,46409
858,1,81,72.6,46399
858,1,82,73,46289
858,1,83,73.5,46009
858A,1,1,0,46009
858A,1,2,0.5,46281
858A,1,3,0.9,46391
858A,1,4,1.3,46401
858A,1,5,1.5,46411
858A,1,6,2.1,46461
858A,1,7,2.6,46471
858A,1,8,3,46481
858A,1,9,3.5,46731
858A,1,10,3.9,46741
858A,1,11,4.3,47621
858A,1,12,4.7,58381
858A,1,13,5,58229
858A,1,14,5.4,58219
858A,1,15,5.8,58159
858A,1,16,6,58109
858A,1,17,6.4,58029
858A,1,18,6.7,58019
858A,1,19,7,57139
858A,1,20,7.4,57129
858A,1,21,7.7,57119
858A,1,22,7.9,59119
858A,1,23,8.4,59149
858A,1,24,9,59073
859,1,1,0,58009
859,1,2,0.5,58259
859,1,3,0.8,58219
859,1,4,1.1,58111
859,1,5,1.4,58121
859,1,7,2,58401
859,1,8,2.2,58411
859,1,9,2.6,58341
859,1,10,3.1,58321
859,1,11,3.6,58271
859,1,12,3.9,58281
859,1,13,4.3,58371
859,1,14,4.6,58299
859,1,15,4.9,58241
859,1,16,5.3,58109
859,1,17,5.7,58029
859,1,18,6,58019
859,1,19,6.3,57139
859,1,20,6.7,57129
859,1,21,7,57119
859,1,22,7.2,59119
859,1,23,7.7,59149
859,1,24,8.3,59073
859,1,25,8.6,59009
859,1,26,9.4,59141
859,1,27,9.8,59111
859,1,28,10.2,57111
859,1,29,10.5,57121
859,1,30,11,57131
859,1,31,11.4,58011
859,1,32,11.6,58021
859,1,33,12,58101
859,1,34,12.2,58249
859,1,35,12.5,58291
859,1,36,12.8,58379
859,1,37,13.1,58289
859,1,38,13.4,58279
859,1,39,14,58329
859,1,40,14.4,58349
859,1,41,14.8,58419
859,1,42,15.1,58409
859,1,44,15.8,58129
859,1,45,16,58119
859,1,46,16.4,58211
859,1,47,16.7,58251
859,1,48,17.1,58009
859A,1,1,0,58009
859A,1,2,0.5,58259
859A,1,3,0.8,58219
859A,1,4,1.1,58111
859A,1,5,1.4,58121
859A,1,7,2,58401
859A,1,8,2.2,58411
859A,1,9,2.6,58341
859A,1,10,3.1,58321
859A,1,11,3.6,58271
859A,1,12,3.9,58281
859A,1,13,4.3,58371
859A,1,14,4.6,58299
859A,1,15,4.9,58241
859A,1,16,5.1,58009
859B,1,1,0,58009
859B,1,2,0.4,58291
859B,1,3,0.7,58379
859B,1,4,1,58289
859B,1,5,1.3,58279
859B,1,6,1.9,58329
859B,1,7,2.3,58349
859B,1,8,2.7,58419
859B,1,9,3,58409
859B,1,11,3.7,58129
859B,1,12,3.9,58119
859B,1,13,4.3,58211
859B,1,14,4.6,58251
859B,1,15,5,58009
85A,1,1,0,59009
85A,1,2,0.4,59073
85A,1,3,0.6,59069
85A,1,4,1.3,59059
85A,1,5,1.8,59049
85A,1,6,2.2,59039
85A,1,7,2.9,59029
85A,1,8,3.6,59019
85A,1,9,4.1,55289
85A,1,12,9.5,68059
85A,1,13,9.7,68049
85A,1,14,9.9,68039
85A,1,15,10.2,67571
85A,1,16,10.5,67561
85A,1,17,10.9,67551
85A,1,18,11.6,67541
85A,1,19,11.8,67381
85A,1,20,12.1,67391
85A,1,21,12.5,67441
86,1,1,0,67009
86,1,2,0.4,67191
86,1,3,0.8,67171
86,1,4,1.5,67139
86,1,5,2.2,67229
86,1,6,2.5,67239
86,1,7,2.9,65061
86,1,9,6.9,68119
86,1,10,7.2,68059
86,1,11,7.4,68049
86,1,12,7.6,68039
86,1,13,8,68029
86,1,14,8.3,68019
86,1,15,8.5,67089
86,1,16,8.9,67039
86,1,17,9.2,67029
86,1,18,9.5,67019
86,1,19,9.8,55109
86,1,20,10.2,55089
86,1,21,10.5,55079
86,1,22,11,55059
86,1,23,11.3,55049
86,1,24,11.7,55039
86,1,25,12.2,55179
86,1,26,12.6,55189
86,1,27,13.1,55209
86,1,28,13.4,54059
86,1,29,13.7,54049
86,1,30,14,54039
86,1,31,14.3,54241
86,1,32,14.8,54009
86,2,1,0,54009
86,2,2,0.6,54247
86,2,3,0.9,54031
86,2,4,1.3,54041
86,2,5,1.6,54051
86,2,6,1.9,55201
86,2,7,2.2,55181
86,2,8,2.7,55171
86,2,9,3.2,55031
86,2,10,3.5,55041
86,2,11,3.9,55051
86,2,12,4.3,55071
86,2,13,4.7,55081
86,2,14,5.1,55101
86,2,15,5.4,67011
86,2,16,5.7,67021
86,2,17,6.2,67081
86,2,18,6.5,68011
86,2,19,6.9,68021
86,2,20,7.3,68031
86,2,21,7.6,68051
86,2,22,8,68111
86,2,24,12,65069
86,2,25,12.4,67231
86,2,26,12.8,67221
86,2,27,13.4,67131
86,2,28,13.7,67141
86,2,29,14.4,67179
86,2,30,14.7,67199
86,2,31,15.1,67009
860,1,1,0,59009
860,1,2,0.7,59169
860,1,3,1.1,59179
860,1,4,1.4,59389
860,1,5,1.9,59399
860,1,6,2.3,59409
860,1,7,2.5,59419
860,1,8,2.8,59639
860,1,9,3.1,59579
860,1,10,3.3,59761
860,1,11,3.5,59719
860,1,12,3.9,59439
860,1,13,4.3,59429
860,1,14,4.6,59051
860,1,15,5.1,59339
860,1,16,5.5,59549
860,1,17,5.8,59559
860,1,18,6.3,57079
860,1,19,6.9,57069
860,1,20,7.4,57059
860,1,21,7.9,57049
860,1,22,8.5,57039
860,1,23,8.8,57029
860,1,24,9.2,57019
860,1,25,9.6,56099
860,1,26,10.2,56089
860,1,27,10.8,56079
860,1,28,11.3,56069
860,1,29,11.7,56059
860,1,30,12.1,56049
860,1,31,12.4,56191
860,1,32,12.8,56201
860,1,33,13.2,55129
860,1,34,13.6,55119
860,1,35,13.9,54451
860,1,36,14.3,54461
860,1,37,14.5,55201
860,1,38,14.9,55509
860,1,39,14.9,55509
860,1,40,15.4,55209
860,1,41,15.7,54469
860,1,42,15.9,54459
860,1,43,16.3,55111
860,1,44,16.7,55121
860,1,45,17.1,56209
860,1,46,17.4,56199
860,1,47,17.8,56041
860,1,48,18.2,56051
860,1,49,18.6,56061
860,1,50,19,56071
860,1,51,19.6,56081
860,1,52,20.1,56091
860,1,53,20.5,57011
860,1,54,21,57021
860,1,55,21.4,57031
860,1,56,21.9,57041
860,1,57,22.4,57051
860,1,58,22.9,57061
860,1,59,23.5,57071
860,1,60,23.9,59551
860,1,61,24.2,59541
860,1,62,24.5,59331
860,1,63,25,59059
860,1,64,25.4,59421
860,1,65,25.7,59431
860,1,66,26.3,59711
860,1,67,26.6,59571
860,1,68,26.9,59631
860,1,69,27.2,59411
860,1,70,27.4,59401
860,1,71,27.8,59391
860,1,72,28.2,59381
860,1,73,28.5,59171
860,1,74,28.9,59161
860,1,75,29.6,59009
868E,1,1,0,43581
868E,1,2,0.4,43641
868E,1,3,0.7,43831
868E,1,4,0.9,43491
868E,1,5,1.4,43481
868E,1,6,1.7,43471
868E,1,7,2.5,43401
868E,1,8,2.9,43321
868E,1,9,3.3,43371
868E,1,10,3.6,43699
868E,1,11,4,28629
868E,1,12,4.2,28631
868E,1,13,4.5,28641
868E,1,15,6.3,28229
868E,1,18,19.4,03222
868E,1,19,20.1,03111
868E,1,20,20.4,03071
868E,1,21,20.7,03031
868E,1,23,21.3,03011
868E,1,24,21.9,02111
868E,1,27,22.5,02151
868E,1,28,23.2,02161
87,1,1,0,67009
87,1,2,0.4,67191
87,1,3,0.7,67201
87,1,4,1.1,67211
87,1,5,1.4,65019
87,1,6,1.8,64029
87,1,7,2.2,64429
87,1,8,2.7,64381
87,1,9,3.2,64549
87,1,10,3.8,64249
87,1,11,4.3,64239
87,1,12,4.8,64209
87,1,13,5.1,63071
87,1,14,5.4,63081
87,1,15,5.8,63091
87,1,16,6.1,63101
87,1,17,6.5,62231
87,1,18,6.8,62241
87,1,19,7.2,71051
87,1,20,7.7,71061
87,1,21,8.1,71071
87,1,22,8.5,71081
87,1,23,9.1,72059
87,1,24,9.5,72049
87,1,25,9.8,72039
87,1,26,10.1,84709
87,1,27,10.6,84489
87,1,28,11,84459
87,1,29,11.2,84539
87,1,30,12.2,84361
87,1,31,12.6,84309
87,1,32,13.2,84009
87,2,1,0,84009
87,2,2,0.6,84301
87,2,3,1,84369
87,2,4,2.1,84451
87,2,5,2.6,84481
87,2,6,3.1,84701
87,2,7,3.4,72031
87,2,8,3.7,72041
87,2,9,4.1,72051
87,2,10,4.6,71089
87,2,11,5,71079
87,2,12,5.5,71069
87,2,13,5.9,71059
87,2,14,6.3,62249
87,2,15,6.7,62239
87,2,16,7.1,63109
87,2,17,7.4,63099
87,2,18,7.8,63089
87,2,19,8.2,63079
87,2,20,8.5,64201
87,2,21,9,64231
87,2,22,9.4,64241
87,2,23,10.1,64541
87,2,24,10.7,64389
87,2,25,11.2,64421
87,2,26,11.6,64021
87,2,27,12,65011
87,2,28,12.3,67219
87,2,29,12.7,67209
87,2,30,12.9,67199
87,2,31,13.3,67009
88,1,1,0,77009
88,1,2,0.7,77191
88,1,3,1.1,77201
88,1,4,1.4,77211
88,1,5,1.9,77251
88,1,6,2.3,77261
88,1,7,2.6,77271
88,1,8,2.9,77331
88,1,9,7,65191
88,1,10,7.4,65069
88,1,11,7.7,65059
88,1,12,8.1,65049
88,1,13,8.4,65039
88,1,14,8.7,65029
88,1,15,9.2,65019
88,1,16,9.6,64029
88,1,17,10.1,64039
88,1,18,10.4,64369
88,1,19,10.7,64359
88,1,20,11.1,64349
88,1,21,11.4,64411
88,1,22,11.7,64601
88,1,23,12,64611
88,1,24,12.2,66499
88,1,25,12.7,66489
88,1,26,13.2,66479
88,1,27,13.6,66459
88,1,28,14,54659
88,1,29,14.5,54509
88,1,30,14.7,54499
88,1,31,15.3,54489
88,1,32,15.6,54579
88,1,33,16.1,54589
88,1,34,16.5,54289
88,1,35,16.8,54279
88,1,36,17.1,54269
88,1,37,17.6,54248
88,1,38,18.1,54019
88,1,39,18.6,53169
88,1,40,18.9,53379
88,1,41,19.2,53389
88,1,42,19.7,53399
88,1,43,20.2,53231
88,1,44,20.6,53211
88,1,45,21,52021
88,1,46,21.3,52031
88,1,47,22.2,52361
88,1,48,22.8,52279
88,1,49,23.2,52269
88,1,50,23.7,52501
88,1,51,24.1,52009
88,2,1,0,52009
88,2,2,0.5,52509
88,2,3,1,52261
88,2,4,1.4,52271
88,2,5,2,52369
88,2,6,2.6,52039
88,2,7,3.4,53219
88,2,8,4,53239
88,2,9,4.5,53391
88,2,10,5,53381
88,2,11,5.3,53371
88,2,12,5.7,53161
88,2,13,6.1,54011
88,2,14,6.6,54241
88,2,15,7.1,54261
88,2,16,7.4,54271
88,2,17,7.7,54281
88,2,18,8,54581
88,2,19,8.4,54571
88,2,20,8.7,54481
88,2,21,9.2,54491
88,2,22,9.4,54501
88,2,23,9.8,54651
88,2,24,10.1,66451
88,2,25,10.4,66461
88,2,26,10.7,66471
88,2,27,11.1,66481
88,2,28,11.6,66491
88,2,29,11.9,64619
88,2,30,12.1,64609
88,2,31,12.4,64419
88,2,32,12.7,64341
88,2,33,13,64351
88,2,34,13.3,64361
88,2,35,13.7,64031
88,2,36,14.2,64021
88,2,37,14.6,65011
88,2,38,15,65021
88,2,39,15.4,65031
88,2,40,15.7,65041
88,2,41,16.3,65061
88,2,42,16.9,65199
88,2,43,20.9,77339
88,2,44,21.2,77279
88,2,45,21.5,77269
88,2,46,21.9,77259
88,2,47,22.3,77219
88,2,48,22.7,77209
88,2,49,23.1,77199
88,2,50,23.8,77009
882,1,1,0,58009
882,1,2,0.5,58259
882,1,3,0.8,58219
882,1,4,1.1,58111
882,1,5,1.5,58481
882,1,6,1.8,58491
882,1,7,2.3,58501
882,1,8,2.5,58051
882,1,9,2.9,58061
882,1,10,3.3,58071
882,1,11,3.7,58081
882,1,12,4.2,58091
882,1,13,4.5,58099
882,1,14,4.9,58089
882,1,15,5.5,58079
882,1,16,5.9,58069
882,1,17,6.3,58059
882,1,18,6.6,58509
882,1,19,7.1,58499
882,1,20,7.4,58489
882,1,21,7.8,58119
882,1,22,8.2,58211
882,1,23,8.5,58251
882,1,24,8.9,58009
882A,1,1,0,58009
882A,1,2,0.5,58259
882A,1,3,0.8,58219
882A,1,4,1.1,58111
882A,1,5,1.5,58481
882A,1,6,1.8,58491
882A,1,7,2.3,58501
883,1,1,0,58009
883,1,2,0.5,58259
883,1,3,0.8,58219
883,1,4,1.3,58331
883,1,5,1.7,58041
883,1,6,1.9,58051
883,1,7,2.4,58511
883,1,8,2.6,58521
883,1,9,3,58531
883,1,10,3.5,58541
883,1,11,3.8,59529
883,1,12,4.2,59259
883,1,13,4.7,59099
883,1,14,5.1,59072
883,1,15,5.4,59069
883,1,16,5.9,59619
883,1,17,6.4,59061
883,1,18,6.8,59079
883,1,19,7.1,59091
883,1,20,7.7,59251
883,1,21,8.2,59521
883,1,22,8.5,58549
883,1,23,9,58539
883,1,24,9.3,58529
883,1,25,9.5,58519
883,1,26,9.9,58059
883,1,27,10.2,58049
883,1,28,10.6,58339
883,1,29,11.1,58211
883,1,30,11.4,58251
883,1,31,11.8,58009
883B,1,1,0,59079
883B,1,2,0.3,59091
883B,1,3,0.9,59251
883B,1,4,1.4,59521
883B,1,5,1.7,58549
883B,1,6,2.2,58539
883M,1,1,0,58009
883M,1,2,0.5,58259
883M,1,3,0.8,58219
883M,1,4,1.3,58331
883M,1,5,1.7,58041
883M,1,6,1.9,58051
883M,1,7,2.4,58511
883M,1,8,2.6,58521
883M,1,9,3,58531
883M,1,10,3.5,58541
883M,1,11,3.8,59529
883M,1,12,4.2,59261
883M,1,13,4.6,59271
883M,1,14,5,57129
883M,1,15,5.3,57119
883M,1,16,5.5,59119
883M,1,17,6,59149
883M,1,18,6.3,59159
883M,1,19,6.5,59091
883M,1,20,7.1,59251
883M,1,21,7.6,59521
883M,1,22,7.9,58549
883M,1,23,8.4,58539
883M,1,24,8.7,58529
883M,1,25,8.9,58519
883M,1,26,9.3,58059
883M,1,27,9.6,58049
883M,1,28,10,58339
883M,1,29,10.5,58211
883M,1,30,10.8,58251
883M,1,31,11.2,58009
88A,1,1,0,65069
88A,1,2,0.3,65059
88A,1,3,0.7,65049
88A,1,4,1,65039
88A,1,5,1.3,65029
88A,1,6,1.8,65019
88A,1,7,2.2,64029
88A,1,8,2.7,64039
88A,1,9,3,64369
88A,1,10,3.3,64359
88A,1,11,3.7,64349
88A,1,12,4,64411
88A,1,13,4.3,64601
88A,1,14,4.6,64611
88A,1,15,4.8,66499
88A,1,16,5.3,66489
88A,1,17,5.8,66479
88A,1,18,6.2,66459
88A,1,19,6.6,54659
88A,1,20,7.1,54509
88A,1,21,7.3,54499
88A,1,22,7.9,54489
88A,1,23,8.2,54579
88A,1,24,8.7,54589
88A,1,25,9.1,54289
88A,1,26,9.4,54279
88A,1,27,9.7,54269
88B,2,1,0,54261
88B,2,2,0.3,54271
88B,2,3,0.6,54281
88B,2,4,0.9,54581
88B,2,5,1.3,54571
88B,2,6,1.6,54481
88B,2,7,2.1,54491
88B,2,8,2.3,54501
88B,2,9,2.7,54651
88B,2,10,3,66451
88B,2,11,3.3,66461
88B,2,12,3.6,66471
89,1,1,0,64009
89,1,2,0.7,64389
89,1,3,1.2,64421
89,1,4,1.6,64021
89,1,5,2,65011
89,1,6,2.3,67219
89,1,7,2.7,67209
89,1,8,2.9,67199
89,1,9,3.1,67189
89,1,10,3.5,67249
89,1,11,3.8,67259
89,1,12,4,65061
89,1,13,4.6,65199
89,1,14,8.6,77339
89,1,15,9.1,77289
89,1,16,9.4,77239
89,1,17,9.7,77249
89,1,18,10,78049
89,1,19,10.2,77019
89,1,20,10.6,77029
89,1,21,11,77039
89,1,22,11.4,77171
89,1,23,12,78109
89,1,24,12.6,78119
89,1,25,13,78129
89,1,26,13.4,78139
89,1,27,13.8,78149
89,1,28,14.1,98109
89,1,29,14.5,98031
89,1,30,14.8,98041
89,1,31,15.1,98231
89,1,32,15.4,98051
89,1,33,16,98061
89,1,34,16.4,98071
89,1,35,16.8,99011
89,1,36,17.2,99021
89,1,37,17.5,99031
89,1,38,17.9,99041
89,1,39,18.2,99181
89,1,40,18.8,99171
89,1,41,19,99161
89,1,42,19.3,95071
89,1,43,19.6,95081
89,1,44,20,95091
89,1,45,20.2,95131
89,1,46,20.7,95141
89,1,47,21.1,95061
89,1,48,21.5,95051
89,1,49,21.9,95041
89,1,50,22.1,95039
89,1,51,22.3,95049
89,1,52,22.9,95069
89,1,53,23.2,95149
89,1,54,23.7,95139
89,1,55,24.1,95099
89,1,56,24.5,95089
89,1,57,24.9,95079
89,1,58,25.4,99189
89,1,59,25.8,99049
89,1,60,26.2,99039
89,1,61,26.5,99029
89,1,62,26.9,99019
89,1,63,27.5,98079
89,1,64,27.9,98069
89,1,65,28.3,98059
89,1,66,28.6,98239
89,1,67,28.9,98049
89,1,68,29.3,98039
89,1,69,29.8,98101
89,1,70,30.2,78141
89,1,71,30.6,78131
89,1,72,31,78121
89,1,73,31.4,78111
89,1,74,32,78101
89,1,75,32.6,77179
89,1,76,33,77031
89,1,77,33.3,77021
89,1,78,33.7,77011
89,1,79,34,77241
89,1,80,34.3,77231
89,1,81,34.6,77281
89,1,82,35,77331
89,1,83,39.1,65191
89,1,84,39.5,65069
89,1,85,39.8,67251
89,1,86,40.1,67241
89,1,87,40.3,67181
89,1,88,40.5,67191
89,1,89,40.8,67201
89,1,90,41.2,67211
89,1,91,41.5,65019
89,1,92,41.9,64029
89,1,93,42.3,64429
89,1,94,42.8,64381
89,1,95,43.4,64009
89A,1,1,0,77289
89A,1,2,0.3,77239
89A,1,3,0.6,77249
89A,1,4,0.9,78049
89A,1,5,1.1,77019
89A,1,6,1.5,77029
89A,1,7,1.9,77039
89A,1,8,2.3,77171
89A,1,9,2.9,78109
89A,1,10,3.4,78119
89A,1,11,3.9,78129
89A,1,12,4.3,78139
89A,1,13,4.7,78149
89A,1,14,5,98109
89A,1,15,5.4,98031
89A,1,16,5.7,98041
89A,1,17,6,98231
89A,1,18,6.3,98051
89A,1,19,6.9,98061
89A,1,20,7.3,98071
89A,1,21,7.7,99011
89A,1,22,8.1,99021
89A,1,23,8.4,99031
89A,1,24,8.8,99041
89A,1,25,9.1,99181
89A,1,26,9.7,99171
89A,1,27,9.9,99161
89A,1,28,10.2,95071
89A,1,29,10.5,95081
89A,1,30,10.9,95091
89A,1,31,11.1,95131
89A,1,32,11.6,95141
89A,1,33,12,95061
89A,1,34,12.4,95051
89A,1,35,12.8,95041
89A,1,36,13,95039
89e,1,1,0,64009
89e,1,2,0.7,64389
89e,1,3,1.2,64421
89e,1,4,1.6,64021
89e,1,6,2.3,67219
89e,1,7,2.7,67209
89e,1,8,2.9,67199
89e,1,9,3.1,67189
89e,1,10,3.5,67249
89e,1,11,3.8,67259
89e,1,12,4,65061
89e,1,13,4.6,65199
89e,1,14,15.1,98231
89e,1,15,15.4,98051
89e,1,16,16,98061
89e,1,22,18.2,99181
89e,1,28,20.2,95131
89e,1,29,20.7,95141
89e,1,30,21.1,95061
89e,1,31,21.5,95051
89e,1,32,21.9,95041
89e,1,33,22.1,95039
89e,1,34,22.3,95049
89e,2,1,0,95051
89e,2,2,0.4,95041
89e,2,3,0.6,95039
89e,2,4,0.8,95049
89e,2,5,1.4,95069
89e,2,6,1.7,95149
89e,2,7,2.2,95139
89e,2,8,2.6,95099
89e,2,11,3.9,99189
89e,2,17,6.4,98069
89e,2,18,6.8,98059
89e,2,19,7.1,98239
89e,2,20,17.5,65191
89e,2,21,17.9,65069
89e,2,22,18.2,67251
89e,2,23,18.5,67241
89e,2,24,18.7,67181
89e,2,25,18.9,67191
89e,2,26,19.2,67201
89e,2,27,19.6,67211
89e,2,29,20.3,64029
89e,2,30,20.7,64429
89e,2,31,21.2,64381
89e,2,32,21.8,64009
9,1,1,0,84009
9,1,2,0.7,84031
9,1,3,1.2,84041
9,1,4,1.8,84051
9,1,5,2.1,84061
9,1,6,2.6,85091
9,1,7,3.1,85051
9,1,8,3.4,85061
9,1,9,3.6,85081
9,1,10,3.9,85071
9,1,11,4.3,96101
9,1,12,4.9,96259
9,1,13,5.2,96169
9,1,14,5.6,96269
9,1,15,5.9,96181
9,1,16,6.1,96121
9,1,17,6.9,76101
9,1,18,7.1,76031
9,1,19,7.5,76231
9,1,20,7.8,76241
9,1,21,8.4,98011
9,1,22,8.8,98021
9,1,23,9.2,98031
9,1,24,9.5,98041
9,1,25,9.8,98231
9,1,26,10.1,98051
9,1,27,10.7,98061
9,1,28,11.1,98071
9,1,29,11.5,99011
9,1,30,11.9,99021
9,1,31,12.2,99031
9,1,32,12.6,99041
9,1,33,12.9,99181
9,1,34,13.5,99171
9,1,35,13.7,99161
9,1,36,14,95071
9,1,37,14.3,95081
9,1,38,14.7,95091
9,1,39,14.9,95131
9,1,40,14.9,95131
9,1,41,15.4,95141
9,1,42,15.8,95061
9,1,43,16.2,95051
9,1,44,16.6,95041
9,1,45,16.8,95039
9,1,46,17,95049
9,1,47,17.6,95069
9,1,48,17.9,95149
9,1,49,18.4,95139
9,1,50,18.4,95139
9,1,51,18.8,95099
9,1,52,19.2,95089
9,1,53,19.6,95079
9,1,54,20.1,99189
9,1,55,20.5,99049
9,1,56,20.9,99039
9,1,57,21.2,99029
9,1,58,21.6,99019
9,1,59,22.2,98079
9,1,60,22.6,98069
9,1,61,23,98059
9,1,62,23.3,98239
9,1,63,23.6,98049
9,1,64,24,98039
9,1,65,24.5,98029
9,1,66,24.9,98019
9,1,67,25.5,76249
9,1,68,25.8,76239
9,1,69,26.1,76039
9,1,70,26.4,76109
9,1,71,27.1,96129
9,1,72,27.3,96189
9,1,73,27.6,96261
9,1,74,27.9,96161
9,1,75,28.2,96251
9,1,76,28.6,96109
9,1,77,29.2,85079
9,1,78,29.4,85089
9,1,79,29.7,85069
9,1,80,30,85059
9,1,81,30.5,85099
9,1,82,31,84069
9,1,83,31.3,84059
9,1,84,31.8,84049
9,1,85,32.5,84039
9,1,86,33.2,84009
90,1,1,0,52009
90,1,2,0.5,52509
90,1,3,0.8,52329
90,1,4,1.9,52081
90,1,5,2.6,60081
90,1,6,3.1,60211
90,1,7,3.5,70101
90,1,8,3.9,70111
90,1,9,4.4,70121
90,1,10,4.8,70131
90,1,11,5.1,70141
90,1,12,5.5,71011
90,1,13,5.7,71171
90,1,14,6.1,71021
90,1,15,6.5,71031
90,1,16,6.8,71191
90,1,17,7.1,71181
90,1,18,7.4,71041
90,1,19,7.9,73041
90,1,20,8.1,73019
90,1,21,8.5,73049
90,1,22,9,71049
90,1,23,9.1,71189
90,1,25,10.4,71029
90,1,26,10.9,71179
90,1,27,11.5,70149
90,1,28,11.9,70139
90,1,29,12.2,70129
90,1,30,12.5,70119
90,1,31,12.9,70109
90,1,32,13.4,60219
90,1,33,14,60089
90,1,34,14.7,52089
90,1,35,15.7,52321
90,1,36,16,52501
90,1,37,16.4,52009
900,1,1,0,46009
900,1,2,0.5,46281
900,1,3,0.9,46391
900,1,4,1.3,46691
900,1,5,1.6,46689
900,1,6,2,46651
900,1,7,2.5,46951
900,1,8,2.8,46969
900,1,9,3.1,46659
900,1,10,3.5,46681
900,1,11,3.7,46699
900,1,12,4,46399
900,1,13,4.4,46289
900,1,14,4.9,46009
900A,1,1,0,46009
900A,1,2,0.5,46281
900A,1,3,0.9,46391
900A,1,4,1.3,46691
900A,1,5,1.6,46689
900A,1,6,2,46651
900A,1,7,2.5,46951
900A,1,8,2.8,58461
900A,1,9,3,58479
900A,1,10,3.3,58449
900A,1,11,3.6,58439
900A,1,12,4.2,46969
900A,1,13,4.5,46659
900A,1,14,4.9,46681
900A,1,15,5.1,46699
900A,1,16,5.4,46399
900A,1,17,5.8,46289
900A,1,18,6.3,46009
901,1,1,0,46009
901,1,2,0.6,46631
901,1,3,1,46331
901,1,4,1.4,46971
901,1,5,2,46981
901,1,6,2.5,47501
901,1,7,2.8,47511
901,1,8,3,47521
901,1,9,3.5,47539
901,1,10,3.9,46999
901,1,11,4.4,46989
901,1,12,4.8,46979
901,1,13,5.3,46339
901,1,14,5.7,46639
901,1,15,6.1,46009
901M,1,1,0,46009
901M,1,2,0.6,46631
901M,1,3,1,46331
901M,1,4,1.4,46971
901M,1,5,2,46981
901M,1,6,2.5,47501
901M,1,7,2.8,47511
901M,1,8,3,47521
901M,1,9,3.3,47491
901M,1,10,3.7,47551
901M,1,11,4.2,47541
901M,1,12,4.4,47591
901M,1,13,4.8,46779
901M,1,14,5.5,47549
901M,1,15,5.9,47559
901M,1,16,6.4,47499
901M,1,17,6.8,47529
901M,1,18,7.3,47509
901M,1,19,7.9,46989
901M,1,20,8.3,46979
901M,1,21,8.8,46339
901M,1,22,9.2,46639
901M,1,23,9.6,46009
902,1,1,0,46009
902,1,3,1.1,46269
903,1,1,0,46009
903,1,2,0.7,46271
903,1,3,1.1,46301
903,1,4,1.5,46311
903,1,5,1.8,46249
903,1,6,2,46179
903,1,7,2.3,46169
903,1,8,2.5,46159
903,1,9,2.9,46149
903,1,10,3.5,46119
903,1,11,4.4,46069
903,1,12,4.7,46088
903,1,13,5.1,46111
903,1,14,5.6,46141
903,1,15,5.9,46151
903,1,16,6.1,46161
903,1,17,6.4,46171
903,1,18,6.7,46241
903,1,19,6.9,46319
903,1,20,7.3,46309
903,1,21,7.8,46279
903,1,22,8.4,46009
903M,1,1,0,46009
903M,1,2,0.7,46271
903M,1,3,1.1,46301
903M,1,4,1.5,46311
903M,1,5,1.8,46249
903M,1,6,2,46179
903M,1,7,2.8,46141
903M,1,8,3.1,46151
903M,1,9,3.3,46161
903M,1,10,3.6,46171
903M,1,11,3.9,46241
903M,1,12,4.1,46319
903M,1,13,4.5,46309
903M,1,14,5,46279
903M,1,15,5.6,46009
904,1,1,0,46009
904,1,2,0.5,46281
904,1,3,0.9,46391
904,1,4,1.4,46761
904,1,5,1.8,46771
904,1,6,2.2,47599
904,1,7,2.4,47641
904,1,8,2.7,47751
904,1,9,3.3,47651
904,1,10,3.8,47661
904,1,11,4.3,47671
904,1,12,4.6,47681
904,1,13,5,47659
904,1,14,5.6,47759
904,1,15,5.8,47649
904,1,16,6,47591
904,1,17,6.4,46779
904,1,18,6.8,46769
904,1,19,7.2,46399
904,1,20,7.6,46289
904,1,21,8.1,46009
90A,1,1,0,52009
90A,1,2,0.5,52509
90A,1,3,0.8,52329
90A,1,4,1.9,52081
90A,1,5,2.6,60081
90A,1,6,3.1,60211
90A,1,7,3.5,70101
90A,1,8,3.9,70111
90A,1,9,4.4,70121
90A,1,10,4.8,70131
90A,1,11,5.1,70141
90A,1,12,5.5,71011
90A,1,13,5.7,71171
90A,1,14,6.1,71021
90A,1,15,6.5,71031
90A,1,16,6.8,71191
90A,1,17,7.1,71181
90A,1,18,7.4,71041
90A,1,19,7.9,73041
90A,1,20,8.1,73019
90A,1,21,8.5,73049
90A,1,22,9,71049
90A,1,23,9.1,71189
91,1,1,0,11379
91,1,2,0.3,11381
91,1,3,0.7,11181
91,1,4,1,11369
91,1,5,1.6,18149
91,1,6,2.2,18051
91,1,7,2.6,18021
91,1,8,2.8,18029
91,1,9,3,18069
91,1,10,3.2,18089
91,1,11,3.7,18099
91,1,12,4,18081
91,1,13,4.2,18061
91,1,14,4.4,18059
91,1,15,5.4,18141
91,1,16,5.8,11361
91,1,17,6.1,11189
91,1,18,6.6,11389
911,1,1,0,46009
911,1,2,0.5,46281
911,1,3,1.1,46421
911,1,4,1.5,46411
911,1,5,1.9,46431
911,1,6,2.3,46441
911,1,7,2.7,46261
911,1,8,3.1,46279
911,1,9,3.5,46251
911,1,10,3.8,46449
911,1,11,4.2,46439
911,1,12,4.4,46419
911,1,13,4.9,46429
911,1,14,5.4,46289
911,1,15,5.9,46008
911,1,16,6.7,46559
911,1,17,7.2,46569
911,1,18,7.5,46579
911,1,19,7.8,46589
911,1,20,8.3,46509
911,1,21,9.1,46069
911,1,22,9.4,46088
911,1,23,9.8,46501
911,1,24,10.2,46581
911,1,25,10.5,46571
911,1,26,10.7,46561
911,1,27,11.3,46551
911,1,28,11.8,46009
912,1,1,0,46009
912,1,2,0.6,46631
912,1,3,0.9,46641
912,1,4,1.4,46661
912,1,5,1.7,46671
912,1,6,2.1,46851
912,1,7,2.4,46861
912,1,8,2.7,46871
912,1,9,3.1,47591
912,1,10,3.5,46779
912,1,11,4.1,46879
912,1,12,4.4,46869
912,1,13,4.8,46859
912,1,14,5.2,46679
912,1,15,5.6,46669
912,1,16,6,46649
912,1,17,6.5,46639
912,1,18,6.9,46008
912,1,19,7.7,46321
912,1,20,8.1,46331
912,1,21,8.4,46341
912,1,22,8.7,46351
912,1,23,9.1,46629
912,1,24,9.5,46619
912,1,25,10.1,46361
912,1,26,10.5,46371
912,1,27,11.3,46519
912,1,28,11.6,46509
912,1,29,12.4,46069
912,1,30,12.7,46088
912,1,31,13.1,46501
912,1,32,13.5,46511
912,1,33,13.9,46591
912,1,34,14.1,46379
912,1,35,14.5,46369
912,1,36,15.2,46611
912,1,37,15.5,46621
912,1,38,15.8,46359
912,1,39,16.2,46349
912,1,40,16.5,46339
912,1,41,16.7,46329
912,1,42,17.4,46009
912A,1,1,0,46009
912A,1,2,0.6,46631
912A,1,3,0.9,46641
912A,1,4,1.4,46661
912A,1,5,1.7,46671
912A,1,6,2.1,46851
912A,1,7,2.4,46861
912A,1,8,2.7,46871
912A,1,9,3.1,47591
912A,1,10,3.5,46779
912A,1,11,4.1,46879
912A,1,12,4.4,46869
912A,1,13,4.8,46859
912A,1,14,5.2,46679
912A,1,15,5.6,46669
912A,1,16,6,46649
912A,1,17,6.5,46639
912A,1,18,6.9,46008
912B,1,1,0,46008
912B,1,2,0.8,46321
912B,1,3,1.2,46331
912B,1,4,1.5,46341
912B,1,5,1.8,46351
912B,1,6,2.2,46629
912B,1,7,2.6,46619
912B,1,8,3.2,46361
912B,1,9,3.6,46371
912B,1,10,4.4,46519
912B,1,11,4.7,46509
912B,1,12,5.5,46069
912B,1,13,5.8,46088
912B,1,14,6.2,46501
912B,1,15,6.6,46511
912B,1,16,7,46591
912B,1,17,7.2,46379
912B,1,18,7.6,46369
912B,1,19,8.3,46611
912B,1,20,8.6,46621
912B,1,21,8.9,46359
912B,1,22,9.3,46349
912B,1,23,9.6,46339
912B,1,24,9.8,46329
912B,1,25,10.5,46009
912M,1,1,0,46008
912M,1,2,0.8,46321
912M,1,3,1.2,46331
912M,1,4,1.5,46341
912M,1,5,1.8,46351
912M,1,6,2.2,46629
912M,1,7,2.6,46619
912M,1,8,3,45599
912M,1,9,3.2,46379
912M,1,10,3.6,46369
912M,1,11,4.3,46611
912M,1,12,4.6,46621
912M,1,13,4.9,46359
912M,1,14,5.3,46349
912M,1,15,5.6,46339
912M,1,16,5.8,46329
912M,1,17,6.5,46009
913,1,1,0,46009
913,1,2,0.5,46281
913,1,3,0.9,46391
913,1,4,1.4,46761
913,1,5,1.8,46771
913,1,6,2.1,46781
913,1,7,2.5,46791
913,1,8,2.9,46811
913,1,9,3.3,46821
913,1,10,3.6,46831
913,1,11,3.9,46841
913,1,12,4.3,46799
913,1,13,4.6,46789
913,1,14,5,46779
913,1,15,5.4,46769
913,1,16,5.8,46399
913,1,17,6.2,46289
913,1,18,6.7,46008
913,1,19,7.3,46291
913,1,20,7.8,46199
913,1,21,8.1,46181
913,1,22,8.4,46071
913,1,23,8.7,46011
913,1,24,9.4,46511
913,1,25,9.8,46521
913,1,26,10.2,46579
913,1,27,10.5,46589
913,1,28,11.2,46019
913,1,29,11.5,46079
913,1,30,11.7,46189
913,1,31,12,46191
913,1,32,12.4,46299
913,1,33,12.9,46009
913M,1,1,0,46008
913M,1,2,0.6,46291
913M,1,3,1.1,46199
913M,1,4,1.4,46181
913M,1,5,1.7,46071
913M,1,6,2,46011
913M,1,7,2.7,46511
913M,1,8,3.1,46591
913M,1,9,3.4,45591
913M,1,10,3.7,46611
913M,1,11,4,46621
913M,1,12,4.3,45581
913M,1,13,4.6,46541
913M,1,14,5,46559
913M,1,15,5.5,46569
913M,1,16,6.1,46531
913M,1,17,6.5,45589
913M,1,18,6.8,46629
913M,1,19,7.2,46619
913M,1,20,7.6,45599
913M,1,21,8.4,46519
913M,1,22,9,46019
913M,1,23,9.3,46079
913M,1,24,9.5,46189
913M,1,25,9.8,46191
913M,1,26,10.2,46299
913M,1,27,10.7,46009
92,1,1,0,11009
92,1,2,0.2,11359
92,1,3,0.7,11369
92,1,4,1.3,18149
92,1,5,1.9,18129
92,1,6,2.5,15139
92,1,7,2.8,15181
92,1,8,3,18241
92,1,9,3.2,18251
92,1,10,3.3,18261
92,1,11,3.5,18271
92,1,12,3.8,18281
92,1,13,4.1,18289
92,1,14,4.3,18279
92,1,15,4.5,18269
92,1,16,4.8,18249
92,1,17,5,15189
92,1,18,5.3,15131
92,1,19,5.9,18121
92,1,20,6.7,18141
92,1,21,7.1,11361
92,1,22,7.5,11351
92,1,23,8,12121
92,1,24,8.4,12131
92,1,25,8.7,12141
92,1,26,8.9,12211
92,1,27,9.1,12151
92,1,28,9.6,12031
92,1,29,10,12169
92,1,30,10.3,12179
92,1,31,10.6,12199
92,1,32,10.9,12189
92,1,33,11.2,12149
92,1,34,11.5,12139
92,1,35,11.9,12129
92,1,36,12.2,11009
920,1,1,0,45009
920,1,2,0.2,44631
920,1,3,0.5,44641
920,1,4,0.9,44791
920,1,5,1.2,44801
920,1,6,1.4,44861
920,1,7,1.6,44811
920,1,8,2,44821
920,1,9,2.3,44661
920,1,10,2.5,44671
920,1,11,2.9,44601
920,1,12,3.1,44349
920,1,13,3.4,44339
920,1,14,3.7,44329
920,1,16,4.3,44301
920,1,17,4.7,44311
920,1,18,4.9,44321
920,1,19,5.2,44331
920,1,20,5.5,44341
920,1,21,5.7,44609
920,1,22,6,44679
920,1,23,6.2,44669
920,1,24,6.5,44829
920,1,25,6.9,44819
920,1,26,7,44869
920,1,27,7.2,44809
920,1,28,7.4,44799
920,1,29,7.7,44649
920,1,30,8,44639
920,1,32,8.4,45009
922,1,1,0,45009
922,1,2,0.2,44631
922,1,3,0.5,44641
922,1,4,0.9,44651
922,1,5,1.2,44661
922,1,6,1.7,44611
922,1,7,2,44701
922,1,8,2.3,44691
922,1,9,2.8,44771
922,1,10,3.3,44349
922,1,11,3.6,44339
922,1,12,3.9,44329
922,1,14,4.5,44301
922,1,15,4.9,44311
922,1,16,5.1,44321
922,1,17,5.4,44331
922,1,18,5.7,44341
922,1,19,6.1,44779
922,1,20,6.7,44699
922,1,21,7.1,44709
922,1,22,7.3,44619
922,1,23,7.8,44669
922,1,24,8.1,44659
922,1,25,8.4,44649
922,1,26,8.7,44639
922,1,28,9.1,45009
925,1,1,0,46009
925,1,2,0.9,46549
925,1,3,1.3,46539
925,1,4,1.7,46529
925,1,5,2,46491
925,1,6,2.7,46381
925,1,7,3.4,45139
925,1,8,3.8,45129
925,1,9,4.2,45141
925,1,10,4.5,49091
925,1,11,4.7,49101
925,1,12,5,49111
925,1,13,5.3,49121
925,1,14,5.6,49189
925,1,15,6.1,49179
925,1,16,6.3,49169
925,1,17,6.6,49159
925,1,18,6.9,49149
925,1,19,8,49199
925,1,20,9,49141
925,1,21,9.4,49151
925,1,22,9.9,49089
925,1,23,10.1,45449
925,1,24,10.4,49079
925,1,25,10.8,49069
925,1,26,11.2,49059
925,1,27,11.6,49049
925,1,28,12,49039
925,1,29,12.4,49029
925,1,30,12.7,49019
925,1,31,13.1,49131
925,1,32,13.5,45171
925,1,33,13.9,45161
925,1,34,14.2,45151
925,1,35,14.6,45049
925,1,36,14.8,45039
925,1,37,15.1,45029
925,1,38,15.3,44999
925,1,39,15.7,45019
925,1,41,17.9,44009
925,2,1,0,44009
925,2,2,0.3,44541
925,2,4,2.4,44061
925,2,5,2.6,45011
925,2,6,3,45021
925,2,7,3.4,45031
925,2,8,3.9,45159
925,2,9,4.2,45169
925,2,10,4.5,45179
925,2,11,4.8,49139
925,2,12,5.2,49011
925,2,13,5.5,49021
925,2,14,5.9,49031
925,2,15,6.3,49041
925,2,16,6.7,49051
925,2,17,7.1,49061
925,2,18,7.5,49071
925,2,19,7.8,45441
925,2,20,8,49081
925,2,21,8.3,49169
925,2,22,8.6,49159
925,2,23,8.9,49149
925,2,24,10,49199
925,2,25,11,49141
925,2,26,11.4,49151
925,2,27,11.9,49171
925,2,28,12.4,49181
925,2,29,12.7,49129
925,2,30,13,49119
925,2,31,13.3,49109
925,2,32,13.6,49099
925,2,33,13.9,45149
925,2,34,14.2,45121
925,2,35,14.5,45131
925,2,36,15.3,46389
925,2,37,16,46499
925,2,38,16.2,46521
925,2,39,16.6,46531
925,2,40,17,46541
925,2,41,17.7,46009
925M,1,1,0,46009
925M,1,2,0.9,46549
925M,1,3,1.3,46539
925M,1,4,1.7,46529
925M,1,5,2,46491
925M,1,6,2.7,46381
925M,1,7,3.4,45139
925M,1,8,3.8,45129
925M,1,9,4.2,45141
925M,1,10,4.5,49091
925M,1,11,4.7,49101
925M,1,12,5,49111
925M,1,13,5.3,49121
925M,1,14,5.6,49189
925M,1,15,6.1,49179
925M,1,16,6.3,49169
925M,1,17,6.6,49159
925M,1,18,6.9,49149
925M,1,19,7.8,49219
925M,1,20,9.4,49249
925M,1,21,9.9,49239
925M,1,22,10.5,49209
925M,1,23,11.2,49229
925M,1,24,11.7,49211
925M,1,25,12.7,49141
925M,1,26,13.1,49151
925M,1,27,13.6,49171
925M,1,28,14.1,49181
925M,1,29,14.4,49129
925M,1,30,14.7,49119
925M,1,31,15,49109
925M,1,32,15.3,49099
925M,1,33,15.6,45149
925M,1,34,15.9,45121
925M,1,35,16.2,45131
925M,1,36,17,46389
925M,1,37,17.7,46499
925M,1,38,17.9,46521
925M,1,39,18.3,46531
925M,1,40,18.7,46541
925M,1,41,19.4,46009
926,1,1,0,46009
926,1,2,0.9,46549
926,1,3,1.3,46539
926,1,4,1.7,46529
926,1,5,2,46491
926,1,7,4.8,48011
926,1,8,5.5,48111
926,1,9,6.9,48131
926,1,10,8.4,48119
926,1,11,8.9,48019
926,1,13,12.2,46499
926,1,14,12.4,46521
926,1,15,12.8,46531
926,1,16,13.2,46541
926,1,17,13.9,46009
927,1,1,0,44009
927,1,2,0.3,44541
927,1,4,2.4,44061
927,1,5,2.6,45011
927,1,6,3,45021
927,1,7,3.4,45031
927,1,8,3.9,45041
927,1,9,4.2,45051
927,1,10,4.6,45061
927,1,11,4.9,45071
927,1,12,5.3,45221
927,1,13,5.7,45181
927,1,14,6,45191
927,1,15,6.3,45201
927,1,16,6.8,45211
927,1,17,7.3,48011
927,1,18,8,48111
927,1,19,9.4,48131
927,1,20,10.9,48119
927,1,21,11.4,48019
927,1,22,12.4,45209
927,1,23,12.8,45199
927,1,24,13.1,45189
927,1,25,13.4,45229
927,1,26,13.8,45079
927,1,27,14.3,45069
927,1,28,14.6,45059
927,1,29,15.2,45049
927,1,30,15.4,45039
927,1,31,15.7,45029
927,1,32,15.9,44999
927,1,33,16.3,45019
927,1,35,18.5,44009
92A,1,1,0,11009
92A,1,2,0.2,11359
92A,1,3,0.7,11369
92A,1,4,1.3,18149
92A,1,5,1.9,18129
92A,1,6,2.5,15139
92A,1,7,2.8,15181
92A,1,8,3,18241
92A,1,9,3.2,18251
92A,1,10,3.3,18261
92A,1,11,3.5,18271
92A,1,12,3.8,18281
92A,1,13,4.1,18289
92A,1,14,4.3,18279
92A,1,15,4.5,18269
92A,1,16,4.8,18249
92A,1,17,5,15189
92A,1,18,5.3,15131
92A,1,19,5.9,18121
92A,1,20,6.7,18141
92A,1,21,7.1,11361
92A,1,22,7.5,11351
92B,1,1,0,11009
92B,1,2,0.2,11359
92B,1,3,0.7,11369
92B,1,4,1.3,18149
92B,1,5,1.9,18129
92B,1,6,2.5,15139
92B,1,7,2.8,15181
92B,1,8,3,18241
92B,1,9,3.2,18251
92B,1,10,3.3,18261
92B,1,11,3.5,18271
92B,1,12,3.8,18281
92M,1,1,0,11009
92M,1,2,0.2,11359
92M,1,3,0.7,11369
92M,1,4,1.3,18149
92M,1,6,2.3,18141
92M,1,7,2.7,11361
92M,1,8,3.1,11351
92M,1,9,3.6,12121
92M,1,10,4,12131
92M,1,11,4.3,12141
92M,1,12,4.5,12211
92M,1,13,4.7,12151
92M,1,14,5.2,12031
92M,1,15,5.6,12169
92M,1,16,5.9,12179
92M,1,17,6.2,12199
92M,1,18,6.5,12189
92M,1,19,6.8,12149
92M,1,20,7.1,12139
92M,1,21,7.5,12129
92M,1,22,7.8,11009
93,1,1,0,14009
93,1,2,0.4,14131
93,1,3,0.9,14151
93,1,4,1.3,14161
93,1,5,1.7,14171
93,1,6,2.4,15041
93,1,7,2.7,15051
93,1,8,3.2,18011
93,1,9,3.8,11511
93,1,10,4.3,11021
93,1,11,4.6,11031
93,1,12,5.3,11041
93,1,13,5.7,11051
93,1,14,6.1,11061
93,1,15,6.5,11071
93,1,16,6.8,11081
93,1,17,7.2,11091
93,1,18,7.7,11101
93,1,19,8,11111
93,1,20,8.2,41101
93,1,21,8.6,41111
93,1,22,9.2,41121
93,1,23,9.7,41131
93,1,24,10.5,41161
93,1,25,12.2,51111
93,1,26,12.6,51071
93,1,27,13,51131
93,1,28,13.4,52011
93,1,29,13.9,52021
93,1,30,14.2,52031
93,1,31,14.8,52051
93,1,32,15.3,52061
93,1,33,15.8,66061
93,1,34,16.3,66071
93,1,35,16.6,66081
93,1,36,17.1,62109
93,1,37,17.3,62099
93,1,38,17.6,62089
93,1,39,17.8,62079
93,1,40,18,62069
93,1,41,18.6,70309
93,1,42,18.8,70299
93,1,43,19.1,70289
93,1,44,19.4,71011
93,1,45,19.6,71171
93,1,46,20,71021
93,1,47,20.5,71071
93,1,48,20.9,71081
93,1,49,21.4,71091
93,1,50,21.8,72019
93,1,51,22.5,83119
93,1,52,22.7,83109
93,1,53,23.4,82069
93,1,54,23.9,82221
93,1,55,24.5,82009
93,2,1,0,82009
93,2,2,0.5,82061
93,2,3,0.9,83101
93,2,4,1.2,83111
93,2,5,1.7,72011
93,2,6,2,71099
93,2,7,2.4,71089
93,2,8,2.8,71079
93,2,9,3.2,71029
93,2,10,3.7,71179
93,2,11,4.2,70281
93,2,12,4.5,70291
93,2,13,4.8,70301
93,2,14,5.3,62061
93,2,15,5.6,62071
93,2,16,6,62081
93,2,17,6.3,62091
93,2,18,6.6,62101
93,2,19,7,66089
93,2,20,7.4,66079
93,2,21,8,66069
93,2,22,8.5,52069
93,2,23,8.7,52059
93,2,24,9.3,52039
93,2,25,9.8,52029
93,2,26,10.2,52019
93,2,27,10.7,51139
93,2,28,11.2,51079
93,2,29,11.7,51119
93,2,30,13.3,41169
93,2,31,14.1,41139
93,2,32,14.6,41129
93,2,33,15.2,41119
93,2,34,15.5,41109
93,2,35,15.9,11119
93,2,36,16.2,11109
93,2,37,16.5,11099
93,2,38,16.9,11089
93,2,39,17.4,11079
93,2,40,17.7,11069
93,2,41,18.1,11059
93,2,42,18.5,11049
93,2,43,18.9,11039
93,2,44,19.3,11029
93,2,45,19.9,11519
93,2,46,20.6,18019
93,2,47,21.1,15059
93,2,48,21.4,15049
93,2,49,21.8,14189
93,2,50,22.1,14179
93,2,51,22.5,14169
93,2,52,23,14159
93,2,53,23.4,14139
93,2,54,23.8,14009
94,1,1,0,82009
94,1,2,0.5,82061
94,1,3,0.9,83101
94,1,4,1.2,83111
94,1,5,1.7,72011
94,1,6,2,71099
94,1,7,2.4,71089
94,1,8,2.8,71079
94,1,9,3.3,71031
94,1,10,3.6,71191
94,1,11,3.9,71181
94,1,12,4.2,71041
94,1,13,4.7,73041
94,1,14,4.9,73019
94,1,15,5.3,73049
94,1,16,5.8,71049
94,1,17,5.9,71189
94,1,19,7.1,71071
94,1,20,7.5,71081
94,1,21,8,71091
94,1,22,8.4,72019
94,1,23,9.1,83119
94,1,24,9.3,83109
94,1,25,10,82069
94,1,26,10.5,82221
94,1,27,11.2,82009
941,1,1,0,43009
941,1,2,0.4,43419
941,1,3,0.8,43399
941,1,4,1.2,43389
941,1,5,1.7,43379
941,1,6,1.9,43369
941,1,7,2.2,43359
941,1,8,2.8,40321
941,1,9,3.1,40341
941,1,10,3.4,40359
941,1,11,3.7,40339
941,1,12,4.1,40329
941,1,13,4.6,43351
941,1,14,4.9,43361
941,1,15,5.2,43371
941,1,16,5.5,43381
941,1,17,5.9,43391
941,1,18,6.4,43411
941,1,19,6.8,43009
944,1,1,0,43009
944,1,2,0.4,43419
944,1,3,0.8,43401
944,1,4,1.3,40301
944,1,5,1.6,40351
944,1,6,1.9,40361
944,1,8,2.5,43789
944,1,9,2.8,40311
944,1,10,3.1,40359
944,1,11,3.4,40309
944,1,12,4,43409
944,1,13,4.5,43411
944,1,14,4.9,43009
945,1,1,0,43009
945,1,2,0.5,43421
945,1,3,0.9,43541
945,1,4,1.6,43801
945,1,5,2,43561
945,1,6,2.3,43571
945,1,7,2.7,43581
945,1,8,3.1,43641
945,1,9,3.4,43831
945,1,10,3.6,43491
945,1,11,3.9,43841
945,1,12,4.3,43659
945,1,13,4.6,43589
945,1,14,5,43579
945,1,15,5.3,43569
945,1,16,5.8,43809
945,1,17,6.4,43549
945,1,18,6.8,43429
945,1,19,7.3,43009
947,1,1,0,43009
947,1,2,0.4,43419
947,1,3,1,43469
947,1,4,1.3,43479
947,1,5,1.6,43489
947,1,6,2,43499
947,1,7,2.4,43669
947,1,8,2.7,43679
947,1,9,3.2,43681
947,1,10,3.5,43481
947,1,11,3.8,43471
947,1,12,4.1,43461
947,1,13,4.6,43411
947,1,14,5,43009
94A,1,1,0,82009
94A,1,2,0.5,82061
94A,1,3,0.9,83101
94A,1,4,1.2,83111
94A,1,5,1.7,72011
94A,1,6,2,71099
94A,1,7,2.4,71089
94A,1,8,2.8,71079
94A,1,9,3.3,71031
94A,1,10,3.6,71191
94A,1,11,3.9,71181
94A,1,12,4.2,71041
94A,1,13,4.7,73041
94A,1,14,4.9,73019
95,1,1,0,16009
95,1,2,0.6,16199
95,1,3,0.8,16189
95,1,4,1.1,16179
95,1,5,1.4,18329
95,1,6,1.7,18319
95,1,7,2,18309
95,1,8,2.3,18239
95,1,9,2.6,18339
95,1,10,3.4,18121
95,1,11,4.1,18141
95,1,12,4.5,11361
95,1,13,4.8,11189
95,1,14,5.2,11401
95,1,15,5.7,11261
95,1,16,6.2,11259
95,1,17,6.5,11381
95,1,18,6.9,11181
95,1,19,7.2,11369
95,1,20,7.8,18149
95,1,21,8.4,18129
95,1,22,9.1,18331
95,1,23,9.3,18221
95,1,24,9.6,18301
95,1,25,9.9,18311
95,1,26,10.3,18321
95,1,27,10.5,16171
95,1,28,10.9,16181
95,1,29,11.2,16191
95,1,30,11.5,16009
950,1,1,0,46009
950,1,2,0.9,46549
950,1,3,1.3,46539
950,1,4,1.7,46529
950,1,5,2.3,46519
950,1,6,2.6,46509
950,1,7,3.7,46101
950,1,8,3.7,46101
950,1,10,5.9,46211
950,1,11,5.9,46211
950,1,14,11.9,47711
950,1,17,18.4,46219
950,1,18,18.4,46219
950,1,20,20.6,46109
950,1,21,20.6,46109
950,1,22,21.4,46069
950,1,23,21.7,46088
950,1,24,22.1,46501
950,1,25,22.5,46511
950,1,26,22.9,46521
950,1,27,23.3,46531
950,1,28,23.7,46541
950,1,29,24.4,46009
951E,1,1,0,46449
951E,1,2,0.4,46439
951E,1,3,0.6,46419
951E,1,4,1,46409
951E,1,5,1.3,46691
951E,1,6,1.6,46689
951E,1,7,1.9,47571
951E,1,8,2.2,47561
951E,1,13,25.2,08057
951E,1,14,25.7,08069
951E,1,15,26,04179
951E,1,16,26.4,02049
951E,1,17,26.8,02119
951E,1,18,27.8,03019
951E,1,19,28.1,03059
951E,1,20,28.5,03129
951E,1,21,29,03218
951E,2,1,0,03222
951E,2,2,0.7,03111
951E,2,3,1,03071
951E,2,4,1.3,03031
951E,2,6,1.9,03011
951E,2,7,2.5,02111
951E,2,8,3,04111
951E,2,9,3.4,04121
951E,2,10,3.7,08041
951E,2,11,4,08031
951E,2,16,27.1,47569
951E,2,17,27.5,47579
951E,2,18,27.9,46681
951E,2,19,28.1,46699
951E,2,20,28.5,46401
951E,2,21,28.7,46411
951E,2,22,29.1,46431
951E,2,23,29.5,46441
95B,1,1,0,16009
95B,1,2,0.6,16199
95B,1,3,0.8,16189
95B,1,4,1.1,16179
95B,1,5,1.4,18329
95B,1,6,1.7,18319
95B,1,7,2,18309
95B,1,8,2.3,18239
95B,1,9,2.6,18339
95B,1,10,3.3,18121
95B,1,11,4.1,18141
95B,1,12,4.5,11361
96,1,1,0,17009
96,1,2,0.6,17239
96,1,3,1.1,17159
96,1,4,1.9,17099
96,1,5,2.7,16159
96,1,6,3,16149
96,1,7,3.3,16199
96,1,8,3.5,16189
96,1,9,3.8,16179
96,1,10,4.2,16169
96,1,11,5.3,17091
96,1,12,5.9,17151
96,1,13,6.2,17161
96,1,14,6.6,17171
96,1,15,6.8,17009
960,1,1,0,46009
960,1,2,0.9,46549
960,1,3,1.3,46539
960,1,4,1.7,46529
960,1,5,2,46491
960,1,6,2.7,46381
960,1,7,3.4,45139
960,1,8,3.8,45129
960,1,9,4.2,45119
960,1,10,4.7,45109
960,1,11,5.2,45099
960,1,12,5.6,45079
960,1,13,6.1,45069
960,1,14,6.4,45059
960,1,15,7,45049
960,1,16,7.2,45039
960,1,17,7.5,45029
960,1,18,7.7,44999
960,1,19,8.1,45019
960,1,20,8.4,44069
960,1,21,8.6,44059
960,1,22,9.1,44049
960,1,23,9.3,44251
960,1,24,9.7,44739
960,1,25,10.1,44201
960,1,26,10.4,44211
960,1,27,10.7,44221
960,1,28,11.2,44261
960,1,31,20.8,40239
960,1,32,21.2,40089
960,1,33,21.5,40079
960,1,34,21.8,40119
960,1,35,22,40069
960,1,36,22.3,40059
960,1,37,22.7,40049
960,1,38,23,40039
960,1,39,23.3,40029
960,1,40,23.7,40279
960,1,41,24.2,40019
960,1,42,24.6,07539
960,1,43,25,07589
960,1,44,25.4,01059
960,1,45,25.6,01119
960,1,46,26,01019
960,1,47,26.4,02049
960,1,48,27.1,02089
960,1,49,27.4,02099
960,2,1,0,02099
960,2,2,0.4,02101
960,2,3,0.8,02051
960,2,4,1.1,02061
960,2,5,2,04151
960,2,6,2.4,01013
960,2,7,2.7,01112
960,2,8,3,07551
960,2,9,3.3,07531
960,2,10,3.7,40011
960,2,11,4.2,40271
960,2,12,4.7,40021
960,2,13,5,40031
960,2,14,5.4,40041
960,2,15,5.8,40051
960,2,16,6.2,40111
960,2,17,6.6,40071
960,2,18,7,40081
960,2,19,7.3,40231
960,2,22,16.4,44269
960,2,23,16.8,44229
960,2,24,17.1,44219
960,2,25,17.4,44209
960,2,26,17.8,44731
960,2,27,18.1,44259
960,2,28,18.5,44041
960,2,29,19,44051
960,2,30,19.2,43991
960,2,31,19.4,44061
960,2,32,19.6,45011
960,2,33,20,45021
960,2,34,20.4,45031
960,2,35,20.9,45041
960,2,36,21.2,45051
960,2,37,21.6,45061
960,2,38,21.9,45071
960,2,39,22.4,45091
960,2,40,22.9,45101
960,2,41,23.3,45111
960,2,42,23.8,45121
960,2,43,24.1,45131
960,2,44,24.9,46389
960,2,45,25.6,46499
960,2,46,25.8,46521
960,2,47,26.2,46531
960,2,48,26.6,46541
960,2,49,27.3,46009
960e,1,1,0,46009
960e,1,2,0.9,46549
960e,1,3,1.3,46539
960e,1,4,1.7,46529
960e,1,5,2,46491
960e,1,8,17.6,40239
960e,1,9,18,40089
960e,1,10,18.3,40079
960e,1,11,18.6,40119
960e,1,12,18.8,40069
960e,1,13,19.1,40059
960e,1,14,19.5,40049
960e,1,15,19.8,40039
960e,1,16,20.1,40029
960e,1,17,20.5,40279
960e,1,18,21,40019
960e,1,19,21.4,07539
960e,1,20,21.8,07589
960e,1,21,22.2,01059
960e,1,22,22.4,01119
960e,1,23,22.8,01019
960e,1,24,23.2,02049
960e,1,25,23.9,02089
960e,2,1,0,02099
960e,2,2,0.4,02101
960e,2,3,0.8,02051
960e,2,4,1.1,02061
960e,2,5,2,04151
960e,2,6,2.4,01013
960e,2,7,2.7,01112
960e,2,8,3,07551
960e,2,9,3.3,07531
960e,2,10,3.7,40011
960e,2,11,4.2,40271
960e,2,12,4.7,40021
960e,2,13,5,40031
960e,2,14,5.4,40041
960e,2,15,5.8,40051
960e,2,16,6.2,40111
960e,2,17,6.6,40071
960e,2,18,7,40081
960e,2,19,7.3,40231
960e,2,22,22.8,46499
960e,2,23,23,46521
960e,2,24,23.4,46531
960e,2,25,23.8,46541
960e,2,26,24.5,46009
961,1,1,0,46009
961,1,2,0.9,46549
961,1,3,1.3,46539
961,1,4,1.7,46529
961,1,5,2,46491
961,1,6,2.7,46381
961,1,7,3.4,45139
961,1,8,3.8,45129
961,1,9,4.2,45119
961,1,10,4.7,45109
961,1,11,5.2,45099
961,1,12,5.6,45079
961,1,13,6.1,45069
961,1,14,6.4,45059
961,1,15,7,45049
961,1,16,7.2,45039
961,1,17,7.5,45029
961,1,18,7.7,44999
961,1,19,8.1,45019
961,1,20,8.4,44069
961,1,21,8.6,44059
961,1,22,9.1,44049
961,1,23,9.4,44029
961,1,24,9.7,44019
961,1,25,10,43119
961,1,26,10.4,43109
961,1,27,10.6,43099
961,1,28,10.9,43089
961,1,29,11.4,43069
961,1,30,11.8,43059
961,1,31,12.1,43049
961,1,32,12.6,43029
961,1,33,13.1,43019
961,1,34,13.4,42119
961,1,35,14,42109
961,1,36,14.4,42089
961,1,37,15.1,42059
961,1,38,15.3,42049
961,1,39,15.7,42039
961,1,40,16.2,42029
961,1,41,16.7,42019
961,1,42,17.1,41089
961,1,43,17.5,41079
961,1,44,18.1,41069
961,1,45,18.5,41049
961,1,46,19.3,41119
961,1,47,19.6,41109
961,1,48,20,11119
961,1,49,20.3,11109
961,1,50,20.6,11099
961,1,51,21,11089
961,1,52,21.5,11079
961,1,53,21.8,11069
961,1,54,22.2,11059
961,1,55,22.6,11049
961,1,56,23,11039
961,1,57,23.4,11029
961,1,58,24,11019
961,1,59,24.3,10139
961,1,60,24.6,10119
961,1,61,24.8,10109
961,1,62,25.3,10099
961,1,63,25.8,10089
961,1,64,26.4,10079
961,1,65,26.8,10069
961,1,66,27.1,10059
961,1,67,27.4,10049
961,1,68,27.8,10017
961,1,69,27.9,10018
961,1,70,28.7,05013
961,1,71,29.1,05023
961,1,72,29.4,04222
961,1,73,30,02181
961,1,74,30.9,01611
961,1,75,31.1,01621
961,1,76,31.4,01511
961,1,77,31.7,01521
961,1,78,32,01411
961,1,79,32.3,01421
961,1,80,32.8,01341
961,1,81,33.1,07371
961,1,82,33.7,60011
961,1,83,34.1,60059
961,1,84,34.8,80109
961,1,85,35.4,80009
961,2,1,0,80009
961,2,2,0.3,80101
961,2,3,1,60051
961,2,4,1.4,60019
961,2,5,1.7,07369
961,2,6,1.9,07379
961,2,7,2.2,01339
961,2,8,2.6,01329
961,2,9,3.1,01239
961,2,10,3.5,01529
961,2,11,3.7,01519
961,2,12,4.1,01629
961,2,13,4.5,01619
961,2,17,5.5,04168
961,2,18,5.7,04249
961,2,19,6.1,05029
961,2,20,6.7,05131
961,2,21,7.1,05039
961,2,22,7.4,05019
961,2,23,7.5,05069
961,2,24,7.9,10011
961,2,25,8.2,10041
961,2,26,8.6,10051
961,2,27,8.9,10061
961,2,28,9.3,10071
961,2,29,9.5,10501
961,2,30,9.8,10081
961,2,31,10.4,10091
961,2,32,10.9,10101
961,2,33,11.4,10111
961,2,34,11.7,10131
961,2,35,12.4,11021
961,2,36,12.7,11031
961,2,37,13.4,11041
961,2,38,13.8,11051
961,2,39,14.2,11061
961,2,40,14.6,11071
961,2,41,14.9,11081
961,2,42,15.3,11091
961,2,43,15.8,11101
961,2,44,16.1,11111
961,2,45,16.3,41101
961,2,46,16.7,41111
961,2,47,17.1,41031
961,2,48,17.3,41041
961,2,49,17.7,41051
961,2,50,17.9,41061
961,2,51,18.3,41071
961,2,52,18.9,41081
961,2,53,19.2,42011
961,2,54,19.5,42021
961,2,55,19.8,42031
961,2,56,20.2,42041
961,2,57,20.7,42051
961,2,58,21,42061
961,2,59,21.4,42071
961,2,60,21.9,42091
961,2,61,22.4,42111
961,2,62,22.6,43011
961,2,63,23.1,43021
961,2,64,23.6,43041
961,2,65,24.2,43051
961,2,66,24.5,43061
961,2,67,24.7,43071
961,2,68,24.9,43081
961,2,69,25.2,43091
961,2,70,25.7,43111
961,2,71,25.9,44011
961,2,72,26.3,44021
961,2,73,26.6,44041
961,2,74,27.1,44051
961,2,75,27.3,43991
961,2,76,27.5,44061
961,2,77,27.7,45011
961,2,78,28.1,45021
961,2,79,28.5,45031
961,2,80,29,45041
961,2,81,29.3,45051
961,2,82,29.7,45061
961,2,83,30,45071
961,2,84,30.5,45091
961,2,85,31,45101
961,2,86,31.4,45111
961,2,87,31.9,45121
961,2,88,32.2,45131
961,2,89,33,46389
961,2,90,33.7,46499
961,2,91,33.9,46521
961,2,92,34.3,46531
961,2,93,34.7,46541
961,2,94,35.4,46009
961M,1,1,0,46009
961M,1,2,0.9,46549
961M,1,3,1.3,46539
961M,1,4,1.7,46529
961M,1,5,2,46491
961M,1,6,2.7,46381
961M,1,7,3.4,45139
961M,1,8,3.8,45129
961M,1,9,4.2,45119
961M,1,10,4.7,45109
961M,1,11,5.2,45099
961M,1,12,5.6,45079
961M,1,13,6.1,45069
961M,1,14,6.4,45059
961M,1,15,7,45049
961M,1,16,7.2,45039
961M,1,17,7.5,45029
961M,1,18,7.7,44999
961M,1,19,8.1,45019
961M,1,20,8.4,44069
961M,1,21,8.6,44059
961M,1,22,9.1,44049
961M,1,23,9.4,44029
961M,1,24,9.7,44019
961M,1,25,10,43119
961M,1,26,10.4,43109
961M,1,27,10.6,43099
961M,1,28,10.9,43089
961M,1,29,11.4,43069
961M,1,30,11.8,43059
961M,1,31,12.1,43049
961M,1,32,12.6,43029
961M,1,33,13.1,43019
961M,1,34,13.4,42119
961M,1,35,14,42109
961M,1,36,14.4,42089
961M,1,37,15.1,42059
961M,1,38,15.3,42049
961M,1,39,15.7,42039
961M,1,40,16.2,42029
961M,1,41,16.7,42019
961M,1,42,17.1,41089
961M,1,43,17.5,41079
961M,1,44,18.1,41069
961M,1,45,18.5,41049
961M,1,46,19.3,41119
961M,1,47,19.6,41109
961M,1,48,20,11119
961M,1,49,20.3,11109
961M,1,50,20.6,11099
961M,1,51,21,11089
961M,1,52,21.5,11079
961M,1,53,21.8,11069
961M,1,54,22.2,11059
961M,1,55,22.6,11049
961M,1,56,23,11039
961M,1,57,23.4,11029
961M,1,58,24,11019
961M,1,59,24.3,10139
961M,1,60,24.6,10119
961M,1,61,24.8,10109
961M,1,62,25.3,10099
961M,1,63,25.8,10089
961M,1,64,26.4,10079
961M,1,65,26.8,10069
961M,1,66,27.1,10059
961M,1,67,27.4,10049
961M,1,68,27.8,10017
961M,1,69,27.9,10018
961M,1,70,28.7,05013
961M,1,71,29.1,05023
961M,1,72,29.4,04222
961M,1,73,30,02181
961M,1,74,31.3,02089
961M,1,75,32,02101
961M,1,76,32.4,02051
961M,1,77,32.7,02061
961M,1,78,33.5,01611
961M,1,79,33.7,01621
961M,1,80,34,01511
961M,1,81,34.3,01521
961M,1,82,34.6,01411
961M,1,83,34.9,01421
961M,1,84,35.4,01341
961M,1,85,35.7,07371
961M,1,86,36.3,60011
961M,1,87,36.7,60059
961M,1,88,37.4,80109
961M,1,89,38,80009
961M,2,1,0,80009
961M,2,2,0.3,80101
961M,2,3,1,60051
961M,2,4,1.4,60019
961M,2,5,1.7,07369
961M,2,6,1.9,07379
961M,2,7,2.2,01339
961M,2,8,2.6,01329
961M,2,9,3.1,01239
961M,2,10,3.5,01529
961M,2,11,3.7,01519
961M,2,12,4.1,01629
961M,2,13,4.5,01619
961M,2,14,5.1,02089
961M,2,15,5.8,02101
961M,2,16,6.2,02051
961M,2,17,6.5,02061
961M,2,18,7.3,04168
961M,2,19,7.5,04249
961M,2,20,7.9,05029
961M,2,21,8.5,05131
961M,2,22,8.9,05039
961M,2,23,9.2,05019
961M,2,24,9.3,05069
961M,2,25,9.7,10011
961M,2,26,10,10041
961M,2,27,10.4,10051
961M,2,28,10.7,10061
961M,2,29,11.1,10071
961M,2,30,11.3,10501
961M,2,31,11.6,10081
961M,2,32,12.2,10091
961M,2,33,12.7,10101
961M,2,34,13.2,10111
961M,2,35,13.5,10131
961M,2,36,14.2,11021
961M,2,37,14.5,11031
961M,2,38,15.2,11041
961M,2,39,15.6,11051
961M,2,40,16,11061
961M,2,41,16.4,11071
961M,2,42,16.7,11081
961M,2,43,17.1,11091
961M,2,44,17.6,11101
961M,2,45,17.9,11111
961M,2,46,18.1,41101
961M,2,47,18.5,41111
961M,2,48,18.9,41031
961M,2,49,19.1,41041
961M,2,50,19.5,41051
961M,2,51,19.7,41061
961M,2,52,20.1,41071
961M,2,53,20.7,41081
961M,2,54,21,42011
961M,2,55,21.3,42021
961M,2,56,21.6,42031
961M,2,57,22,42041
961M,2,58,22.5,42051
961M,2,59,22.8,42061
961M,2,60,23.2,42071
961M,2,61,23.7,42091
961M,2,62,24.2,42111
961M,2,63,24.4,43011
961M,2,64,24.9,43021
961M,2,65,25.4,43041
961M,2,66,26,43051
961M,2,67,26.3,43061
961M,2,68,26.5,43071
961M,2,69,26.7,43081
961M,2,70,27,43091
961M,2,71,27.5,43111
961M,2,72,27.7,44011
961M,2,73,28.1,44021
961M,2,74,28.4,44041
961M,2,75,28.9,44051
961M,2,76,29.1,43991
961M,2,77,29.3,44061
961M,2,78,29.5,45011
961M,2,79,29.9,45021
961M,2,80,30.3,45031
961M,2,81,30.8,45041
961M,2,82,31.1,45051
961M,2,83,31.5,45061
961M,2,84,31.8,45071
961M,2,85,32.3,45091
961M,2,86,32.8,45101
961M,2,87,33.2,45111
961M,2,88,33.7,45121
961M,2,89,34,45131
961M,2,90,34.8,46389
961M,2,91,35.5,46499
961M,2,92,35.7,46521
961M,2,93,36.1,46531
961M,2,94,36.5,46541
961M,2,95,37.2,46009
962,1,1,0,46009
962,1,2,0.6,46631
962,1,3,0.9,46641
962,1,4,1.3,47581
962,1,5,1.7,47571
962,1,6,2,47561
962,1,7,2.4,47551
962,1,8,2.9,47541
962,1,9,3.1,47591
962,1,10,3.5,47601
962,1,11,3.9,47611
962,1,12,4.4,47621
962,1,13,4.8,58381
962,1,14,5,58271
962,1,15,5.3,58281
962,1,16,5.7,58371
962,1,17,6,58299
962,1,18,6.2,58259
962,1,19,6.5,58319
962,1,20,6.9,58349
962,1,21,7.4,58359
962,1,22,7.9,58459
962,1,23,8.5,58369
962,1,24,8.7,58361
962,1,25,9.2,58451
962,1,26,9.7,58351
962,1,27,10.1,58341
962,1,28,10.5,58311
962,1,29,10.8,58251
962,1,30,11.1,58291
962,1,31,11.4,58379
962,1,32,11.7,58289
962,1,33,12,58279
962,1,34,12.2,58389
962,1,35,12.6,47629
962,1,36,13,47619
962,1,37,13.5,47609
962,1,38,13.8,47599
962,1,39,14,47549
962,1,40,14.4,47559
962,1,41,14.8,47569
962,1,42,15.2,47579
962,1,43,15.6,47589
962,1,44,15.9,46649
962,1,45,16.4,46639
962,1,46,16.8,46009
962B,1,1,0,58259
962B,1,2,0.3,58319
962B,1,3,0.7,58349
962B,1,4,1.2,58359
962B,1,5,1.7,58459
962B,1,6,2.3,58369
962B,1,7,2.5,58361
962B,1,8,3,58451
962B,1,9,3.5,58351
962B,1,10,3.9,58341
962B,1,11,4.3,58311
962B,1,12,4.6,58251
962C,1,1,1.7,47571
962C,1,2,2,47561
962C,1,3,2.4,47551
962C,1,4,2.9,47541
962C,1,5,3.1,47591
963,1,1,0,46009
963,1,2,0.9,46549
963,1,3,1.3,46539
963,1,4,1.7,46529
963,1,5,2,46491
963,1,7,9.4,44269
963,1,8,9.8,44229
963,1,9,10.1,44219
963,1,10,10.4,44209
963,1,11,10.8,44731
963,1,12,11.1,44259
963,1,13,11.4,44029
963,1,14,11.7,44019
963,1,15,12,43119
963,1,16,12.4,43109
963,1,17,12.6,43099
963,1,18,12.9,43089
963,1,19,13.7,43279
963,1,20,14,43268
963,1,21,14.4,43259
963,1,22,14.6,43249
963,1,23,15,43239
963,1,25,15.8,43161
963,1,26,16.1,43189
963,1,27,16.5,43619
963,1,28,16.7,43629
963,1,29,17.1,42319
963,1,30,17.8,28109
963,1,31,18.2,28189
963,1,32,18.9,28019
963,1,33,19.5,20109
963,1,34,19.9,17051
963,1,35,20.4,20019
963,1,36,20.7,17149
963,1,37,21.1,17139
963,1,38,21.7,17129
963,1,39,22.8,16099
963,1,40,23.6,18079
963,1,41,24,18109
963,1,42,24.7,18049
963,1,43,26.5,18019
963,1,44,27,15059
963,1,45,27.3,15049
963,1,46,27.7,14189
963,1,47,28,14179
963,1,48,28.4,14169
963,1,49,28.9,14159
963,1,50,29.3,14139
963,1,51,29.7,14009
963,2,1,0,14009
963,2,2,0.4,14131
963,2,3,0.9,14151
963,2,4,1.3,14161
963,2,5,1.7,14171
963,2,6,2.4,15041
963,2,7,2.7,15051
963,2,8,3.2,18011
963,2,9,4.6,18041
963,2,10,4.8,18131
963,2,11,5.6,18101
963,2,12,6,18071
963,2,13,6.7,16091
963,2,14,8,17121
963,2,15,8.5,17131
963,2,16,8.9,17141
963,2,17,9.8,17059
963,2,18,10.2,20101
963,2,19,10.8,28011
963,2,20,11.6,28181
963,2,21,12,28101
963,2,22,12.7,42311
963,2,23,13.1,43621
963,2,24,13.4,43611
963,2,25,13.7,43181
963,2,26,14.1,43169
963,2,28,14.9,43231
963,2,29,15.2,43241
963,2,30,15.5,43251
963,2,31,15.9,43261
963,2,32,16.2,43271
963,2,33,16.5,43061
963,2,34,16.7,43071
963,2,35,16.9,43081
963,2,36,17.2,43091
963,2,37,17.7,43111
963,2,38,17.9,44011
963,2,39,18.3,44021
963,2,40,18.6,44251
963,2,41,19,44739
963,2,42,19.4,44201
963,2,43,19.7,44211
963,2,44,20,44221
963,2,45,20.5,44261
963,2,47,27.5,46499
963,2,48,27.7,46521
963,2,49,28.1,46531
963,2,50,28.5,46541
963,2,51,29.2,46009
963e,1,1,0,46009
963e,1,2,0.9,46549
963e,1,3,1.3,46539
963e,1,4,1.7,46529
963e,1,5,2,46491
963e,1,7,9.4,44269
963e,1,8,9.8,44229
963e,1,9,10.1,44219
963e,1,10,10.4,44209
963e,1,11,10.8,44731
963e,1,12,11.1,44259
963e,1,15,13.7,43268
963e,1,17,15.5,43161
963e,1,18,15.8,43189
963e,1,19,16.2,43619
963e,1,23,22.8,16099
963e,1,24,23.6,18079
963e,1,25,24,18109
963e,1,26,24.7,18049
963e,1,28,27,15059
963e,1,29,27.3,15049
963e,1,31,29.7,14009
963e,2,1,0,14009
963e,2,3,2.4,15041
963e,2,4,2.7,15051
963e,2,5,4.8,18131
963e,2,6,5.6,18101
963e,2,7,6,18071
963e,2,8,6.7,16091
963e,2,11,13.3,43611
963e,2,12,13.6,43181
963e,2,13,14,43169
963e,2,15,15.8,43261
963e,2,18,18.5,44251
963e,2,19,18.9,44739
963e,2,20,19.3,44201
963e,2,21,19.6,44211
963e,2,22,19.9,44221
963e,2,23,20.4,44261
963e,2,25,27.4,46499
963e,2,26,27.6,46521
963e,2,27,28,46531
963e,2,28,28.4,46541
963e,2,29,29.1,46009
963R,1,1,0,46009
963R,1,2,0.9,46549
963R,1,3,1.3,46539
963R,1,4,1.7,46529
963R,1,5,2,46491
963R,1,7,9.4,44269
963R,1,8,9.8,44229
963R,1,9,10.1,44219
963R,1,10,10.4,44209
963R,1,11,10.8,44731
963R,1,12,11.1,44259
963R,1,15,13.7,43268
963R,1,16,14.3,43249
963R,1,18,15.5,43161
963R,1,19,15.8,43189
963R,1,20,16.2,43619
963R,1,22,19.2,20109
963R,1,23,19.6,17051
963R,1,24,20.1,20019
963R,1,25,20.4,17149
963R,1,26,20.8,17139
963R,1,27,21.4,17129
963R,1,29,27.2,15049
963R,1,30,28.3,14169
963R,1,31,29.7,14129
963R,1,32,32.2,14519
963R,2,1,0,14519
963R,2,2,2.3,14121
963R,2,3,3.6,14161
963R,2,4,4.7,15041
963R,2,6,10.3,17121
963R,2,7,10.8,17131
963R,2,8,11.2,17141
963R,2,9,12.1,17059
963R,2,10,12.5,20101
963R,2,12,15.7,43611
963R,2,13,16,43181
963R,2,14,16.4,43169
963R,2,16,17.5,43241
963R,2,17,18.2,43261
963R,2,20,21,44251
963R,2,21,21.4,44739
963R,2,22,21.8,44201
963R,2,23,22.1,44211
963R,2,24,22.4,44221
963R,2,25,22.9,44261
963R,2,27,29.9,46499
963R,2,28,30.1,46521
963R,2,29,30.5,46531
963R,2,30,30.9,46541
963R,2,31,31.6,46009
964,1,1,0,46009
964,1,2,0.5,46281
964,1,3,0.9,46391
964,1,4,1.4,46761
964,1,5,1.8,46771
964,1,6,2.1,46781
964,1,7,2.5,46791
964,1,8,2.7,46801
964,1,9,2.9,46471
964,1,10,3.3,46481
964,1,11,3.9,46881
964,1,12,4.2,46891
964,1,13,4.5,46901
964,1,14,4.9,46911
964,1,15,5.3,46921
964,1,16,5.7,46931
964,1,17,6,46941
964,1,18,6.5,46489
964,1,19,6.9,46479
964,1,20,7.3,46809
964,1,21,7.5,46799
964,1,22,7.8,46789
964,1,23,8.2,46779
964,1,24,8.6,46769
964,1,25,9,46399
964,1,26,9.4,46289
964,1,27,9.9,46009
965,1,1,0,46009
965,1,2,0.5,46281
965,1,3,0.9,46391
965,1,4,1.4,46761
965,1,5,1.8,46771
965,1,6,2.2,47601
965,1,7,2.6,47611
965,1,8,3.2,58301
965,1,10,5.7,59279
965,1,11,6,59269
965,1,12,6.4,59259
965,1,13,6.9,59099
965,1,14,7.4,59073
965,1,15,7.6,59069
965,1,16,8.3,59059
965,1,17,8.8,59049
965,1,18,9.2,59039
965,1,19,9.9,59029
965,1,20,10.6,59019
965,1,21,11.1,55289
965,1,24,20.1,65069
965,1,25,20.4,67251
965,1,26,20.7,67241
965,1,27,20.9,67181
965,1,28,21.4,67009
965,1,29,21.8,67189
965,1,30,22.2,67249
965,1,31,22.5,67259
965,1,32,22.7,65061
965,1,35,31.8,55281
965,1,36,32.3,59011
965,1,37,33.2,59021
965,1,38,33.6,59031
965,1,39,34,59041
965,1,40,34.4,59051
965,1,41,35.1,59061
965,1,42,35.5,59079
965,1,43,35.8,59091
965,1,44,36.4,59251
965,1,45,36.7,59261
965,1,46,37.1,59271
965,1,48,39.6,58309
965,1,49,40,47619
965,1,50,40.5,47609
965,1,51,40.8,46779
965,1,52,41.2,46769
965,1,53,41.6,46399
965,1,54,42,46289
965,1,55,42.5,46009
965A,1,1,0,46009
965A,1,2,0.5,46281
965A,1,3,0.9,46391
965A,1,4,1.4,46761
965A,1,5,1.8,46771
965A,1,6,2.2,47601
965A,1,7,2.6,47611
965A,1,8,3.2,58301
965A,1,10,5.7,59279
965A,1,11,6,59269
965A,1,12,6.4,59259
965A,1,13,6.9,59099
965A,1,14,7.4,59073
966,1,1,0,46009
966,1,2,0.9,46549
966,1,3,1.3,46539
966,1,4,1.7,46529
966,1,5,2,46491
966,1,7,9.4,44269
966,1,8,9.8,44229
966,1,9,10.3,44371
966,1,10,10.6,44381
966,1,11,11.1,44351
966,1,12,11.3,44361
966,1,16,19.8,51091
966,1,17,20.2,51101
966,1,18,21,52071
966,1,20,22.9,52081
966,1,21,23.6,60081
966,1,22,24.1,60071
966,1,23,24.7,60061
966,1,25,28.9,83119
966,1,26,29.1,83109
966,1,27,29.8,83299
966,1,28,30.2,83319
966,1,29,30.5,83309
966,1,30,31,92279
966,1,31,31.4,92059
966,1,32,31.7,92049
966,1,33,32.8,92041
966,1,34,33.2,92051
966,1,35,33.5,92271
966,1,36,33.8,83301
966,1,37,34.2,83311
966,1,38,34.5,83291
966,1,39,35.2,83101
966,1,40,35.5,83111
966,1,42,39.6,60069
966,1,43,40.1,60079
966,1,44,40.5,60089
966,1,45,41.2,52089
966,1,47,43.1,52079
966,1,48,44.3,51099
966,1,52,52.9,44369
966,1,53,53.1,44359
966,1,54,53.6,44389
966,1,55,53.9,44379
966,1,56,54.4,44221
966,1,57,54.9,44261
966,1,59,61.9,46499
966,1,60,62.1,46521
966,1,61,62.5,46531
966,1,62,62.9,46541
966,1,63,63.6,46009
969,1,1,0,46009
969,1,2,0.5,46281
969,1,3,0.9,46391
969,1,4,1.4,46761
969,1,5,1.8,46771
969,1,6,2.2,47601
969,1,7,2.6,47611
969,1,8,3.2,58301
969,1,10,5.5,57129
969,1,11,5.8,57119
969,1,12,6,59119
969,1,13,6.5,59149
969,1,14,7.1,59073
969,1,15,7.3,59069
969,1,16,8,59059
969,1,17,8.5,59049
969,1,18,8.9,59039
969,1,19,9.6,59029
969,1,20,10.3,59019
969,1,21,10.8,55289
969,1,23,19.7,65199
969,1,25,26.7,76541
969,1,26,26.9,76511
969,1,27,27.2,76521
969,1,28,27.6,75009
969,2,1,0,75009
969,2,2,0.5,76529
969,2,3,0.7,76519
969,2,4,1,76549
969,2,6,7.7,65191
969,2,8,16.8,55281
969,2,9,17.3,59011
969,2,10,18.2,59021
969,2,11,18.6,59031
969,2,12,19,59041
969,2,13,19.4,59051
969,2,14,20.1,59061
969,2,15,20.5,59079
969,2,16,20.9,59141
969,2,17,21.3,59111
969,2,18,21.7,57111
969,2,19,22,57121
969,2,21,24.3,58309
969,2,22,24.7,47619
969,2,23,25.2,47609
969,2,24,25.5,46779
969,2,25,25.9,46769
969,2,26,26.3,46399
969,2,27,26.7,46289
969,2,28,27.2,46009
969A,1,1,0,75009
969A,1,2,0,76529
969A,1,3,0,76519
969A,1,4,0,76549
969A,1,6,7.9,65191
969A,1,8,17,55281
969A,1,9,17.5,59011
969A,1,10,18.4,59021
969A,1,11,18.8,59031
969A,1,12,19.2,59041
969A,1,13,19.6,59051
969A,1,14,20.3,59061
969A,1,15,20.7,59079
96A,1,1,0,17009
96A,1,2,0.6,17239
96A,1,3,1.1,17159
96A,1,4,1.9,17099
96A,1,5,2.7,16159
96A,1,6,3,16149
96A,1,7,3.3,16199
96A,1,8,3.5,16189
96A,1,9,3.8,16179
96A,1,10,4.2,16169
96B,1,1,0,17009
96B,1,2,0.6,17239
96B,1,3,1.1,17159
96B,1,4,1.9,17099
96B,1,5,2.7,16159
96B,1,6,3,16149
96B,1,7,3.3,16199
96B,1,8,3.5,16189
96B,1,9,3.8,16179
96B,1,10,4.2,16169
96B,1,11,5.3,17091
96B,1,12,5.9,17151
96B,1,13,6.2,17161
96B,1,14,6.6,17171
97,1,1,0,28009
97,1,2,0.3,28301
97,1,3,0.6,28431
97,1,4,0.9,28249
97,1,5,1.4,28239
97,1,6,2,28229
97,1,7,2.4,20059
97,1,8,3.2,20039
97,1,9,3.7,20029
97,1,10,4.3,20019
97,1,11,4.6,17149
97,1,12,5,17139
97,1,13,5.6,17129
97,1,14,6.7,16099
97,1,15,7.5,18079
97,1,16,7.9,18109
97,1,17,8.6,18049
97,1,18,10.4,18019
97,1,19,10.9,15059
97,1,20,11.2,15049
97,1,21,11.6,14189
97,1,22,11.9,14179
97,1,23,12.3,14169
97,1,24,12.8,14159
97,1,25,13.2,14139
97,1,26,13.7,14129
97,1,27,14,14119
97,1,28,14.7,14109
97,1,29,15.1,14089
97,1,30,15.9,14069
97,1,31,16.5,05641
97,1,32,16.9,03222
97,1,33,17.6,03111
97,1,34,17.9,03071
97,1,35,18.5,03381
97,1,36,18.7,03391
97,1,37,19.4,03511
97,1,38,19.8,03501
97,1,39,20.7,02169
97,1,40,21,02159
97,1,41,21.3,02089
97,1,42,21.6,02099
97,2,1,0,02099
97,2,2,0.4,02101
97,2,3,0.8,02051
97,2,4,1.1,02061
97,2,5,1.9,02151
97,2,6,2.6,02161
97,2,7,2.9,02171
97,2,8,3.8,03509
97,2,9,4.1,03519
97,2,10,4.7,03539
97,2,11,5.1,03529
97,2,12,5.7,03129
97,2,13,6,03217
97,2,14,6.9,05649
97,2,15,7.2,14061
97,2,16,7.7,14071
97,2,17,8.1,14081
97,2,18,8.5,14101
97,2,19,9.3,14141
97,2,20,9.6,14121
97,2,21,10,14131
97,2,22,10.5,14151
97,2,23,10.9,14161
97,2,24,11.3,14171
97,2,25,12,15041
97,2,26,12.3,15051
97,2,27,12.8,18011
97,2,28,14.2,18041
97,2,29,14.4,18131
97,2,30,15.2,18101
97,2,31,15.6,18071
97,2,32,16.3,16091
97,2,33,17.6,17121
97,2,34,18.1,17131
97,2,35,18.5,17141
97,2,36,18.9,20011
97,2,37,19.4,20021
97,2,38,19.9,20031
97,2,39,20.7,20051
97,2,40,21.2,20271
97,2,41,21.5,28221
97,2,42,21.8,28231
97,2,43,22.2,28241
97,2,44,22.6,28439
97,2,45,23.1,28009
970,1,1,0,45009
970,1,3,0.6,44199
970,1,4,0.9,44249
970,1,5,1.3,44909
970,1,6,1.6,44029
970,1,7,1.9,44019
970,1,8,2.2,43119
970,1,9,2.6,43109
970,1,10,2.8,43099
970,1,11,3.1,43089
970,1,12,3.9,43279
970,1,13,4.2,43268
970,1,14,4.6,43259
970,1,15,4.8,43249
970,1,16,5.2,43239
970,1,17,5.7,43229
970,1,18,6.3,43209
970,1,19,6.8,42199
970,1,20,7.1,42189
970,1,21,7.4,42179
970,1,22,7.8,42169
970,1,23,8,42159
970,1,24,8.3,42259
970,1,25,8.7,42089
970,1,26,9.4,42059
970,1,27,9.6,42049
970,1,28,10,42039
970,1,29,10.5,42029
970,1,30,11.6,42129
970,1,31,11.8,42139
970,1,32,12.2,11349
970,1,33,12.4,11339
970,1,34,12.6,11329
970,1,35,12.9,11319
970,1,36,13.1,11309
970,1,37,13.5,11289
970,1,38,13.8,11279
970,1,39,14.3,11269
970,1,40,14.6,11419
970,1,41,15.1,11409
970,1,42,15.3,11179
970,1,43,15.9,11169
970,1,44,16.7,11159
970,1,45,17.1,11149
970,1,46,17.4,11139
970,1,47,17.9,10299
970,1,48,18.2,10289
970,1,49,18.6,10279
970,1,50,18.9,10269
970,1,51,19.3,10249
970,1,53,19.8,13051
970,1,54,20.1,13062
970,1,55,20.6,13139
970,1,56,20.8,13119
970,1,57,21.2,06129
970,1,58,21.7,06069
970,1,59,21.9,06049
970,1,60,22.4,06029
970,1,61,22.8,05012
970,1,62,23.2,05013
970,1,63,23.7,05129
970,1,64,24.1,05319
970,1,65,24.7,03059
970,1,66,25.1,03129
970,1,67,25.6,03218
970,2,1,0,03239
970,2,2,0.7,03223
970,2,3,1.1,03151
970,2,4,1.6,03041
970,2,5,2,05131
970,2,6,2.4,05039
970,2,7,2.7,05019
970,2,8,3.2,06011
970,2,9,3.8,06051
970,2,10,4,06071
970,2,11,4.2,06081
970,2,12,4.7,06131
970,2,13,5,13121
970,2,14,5.3,13069
970,2,15,5.6,13059
970,2,16,5.8,10519
970,2,17,6.2,10241
970,2,18,6.6,10261
970,2,19,6.9,10271
970,2,20,7.3,10281
970,2,21,7.7,10291
970,2,22,8.2,11131
970,2,23,8.4,11141
970,2,24,9,11151
970,2,25,9.6,11161
970,2,26,10.1,11171
970,2,27,10.6,11401
970,2,28,11.1,11261
970,2,29,11.7,11271
970,2,30,12.2,11301
970,2,31,12.5,11311
970,2,32,12.7,11321
970,2,33,13,11331
970,2,34,13.3,11341
970,2,35,13.7,42131
970,2,36,14.1,42011
970,2,37,14.4,42021
970,2,38,14.7,42031
970,2,39,15.1,42041
970,2,40,15.6,42051
970,2,41,15.9,42061
970,2,42,16.3,42071
970,2,43,16.6,42151
970,2,44,16.9,42161
970,2,45,17.3,42171
970,2,46,17.6,42181
970,2,47,18,42191
970,2,48,18.3,43201
970,2,49,19,43221
970,2,50,19.6,43231
970,2,51,19.9,43241
970,2,52,20.2,43251
970,2,53,20.6,43261
970,2,54,20.9,43271
970,2,55,21.2,43061
970,2,56,21.4,43071
970,2,57,21.6,43081
970,2,58,21.9,43091
970,2,59,22.4,43111
970,2,60,22.6,44011
970,2,61,23,44021
970,2,62,23.3,44251
970,2,63,23.7,44241
970,2,64,24.1,44191
970,2,66,24.6,45009
971E,1,1,0,48009
971E,1,4,1,44641
971E,1,5,1.4,44651
971E,1,6,1.7,44661
971E,1,7,2.2,44611
971E,1,8,2.5,44701
971E,1,9,2.8,44691
971E,1,10,3.3,44771
971E,1,11,3.8,44349
971E,1,12,4.1,44339
971E,1,13,4.4,44329
971E,1,17,14.6,40239
971E,1,19,16.9,09219
971E,1,20,17.3,09047
971E,1,21,17.8,09037
971E,1,22,18.5,08138
971E,1,23,18.9,08057
971E,1,25,20.5,02119
971E,1,26,21.5,03019
971E,1,27,21.8,03059
971E,1,28,22.2,03129
971E,1,29,22.5,03217
971E,1,31,23.1,03223
971E,1,32,23.5,03151
971E,1,33,24,03021
971E,2,1,0,03223
971E,2,2,0.4,03151
971E,2,3,0.9,03021
971E,2,5,1.5,03011
971E,2,6,2.1,02111
971E,2,7,2.6,04111
971E,2,8,3,04121
971E,2,9,3.3,08041
971E,2,10,3.6,08031
971E,2,11,4.1,08111
971E,2,12,4.4,08121
971E,2,13,4.7,09059
971E,2,16,6,09213
971E,2,18,8.1,40231
971E,2,22,17.8,44321
971E,2,23,18.1,44331
971E,2,24,18.4,44341
971E,2,25,18.8,44779
971E,2,26,19.4,44699
971E,2,27,19.8,44709
971E,2,28,20,44619
971E,2,29,20.5,44669
971E,2,30,20.8,44659
971E,2,31,21.1,44649
971E,2,34,22.1,48009
972,1,1,0,45009
972,1,2,0.5,44641
972,1,3,0.9,44791
972,1,4,1.2,44801
972,1,5,1.4,44861
972,1,6,1.6,44811
972,1,7,2,44821
972,1,8,2.3,44661
972,1,9,2.8,44611
972,1,10,3.1,44701
972,1,11,3.4,44691
972,1,12,3.9,44771
972,1,13,4.4,44349
972,1,14,4.7,44339
972,1,15,5,44329
972,1,16,5.6,44261
972,1,19,15.2,40239
972,1,20,15.6,40229
972,1,21,15.9,40219
972,1,22,16.3,40209
972,1,23,16.8,40199
972,1,24,17.5,09219
972,1,25,17.9,09047
972,1,26,18.4,09037
972,1,27,19.1,08138
972,1,28,19.5,08057
972,1,30,20.3,08041
972,1,31,20.6,08031
972,1,32,21.1,08111
972,1,33,21.4,08121
972,1,36,22.1,09011
972,1,37,22.4,09023
972,1,38,23.1,09213
972,1,39,23.9,40191
972,1,40,24.3,40201
972,1,41,24.7,40211
972,1,42,24.9,40221
972,1,43,25.3,40231
972,1,46,34.4,44269
972,1,47,35,44321
972,1,48,35.3,44331
972,1,49,35.6,44341
972,1,50,36,44779
972,1,51,36.6,44699
972,1,52,37,44709
972,1,53,37.2,44619
972,1,54,37.7,44669
972,1,55,38,44829
972,1,56,38.4,44819
972,1,57,38.5,44869
972,1,58,38.7,44809
972,1,59,38.9,44799
972,1,60,39.2,44649
972,1,61,39.5,44639
972,1,63,39.9,45009
972A,1,1,0,45009
972A,1,2,0.5,44641
972A,1,3,0.9,44791
972A,1,4,1.2,44801
972A,1,5,1.4,44861
972A,1,6,1.6,44811
972A,1,7,2,44821
972A,1,8,2.3,44661
972A,1,9,2.8,44611
972A,1,10,3.1,44701
972A,1,11,3.4,44691
972A,1,12,3.9,44771
972A,1,13,4.4,44349
972A,1,14,4.7,44339
972A,1,15,5,44329
972A,1,16,5.6,44261
972A,1,19,15.2,40239
972A,1,20,15.6,40229
972A,1,21,15.9,40219
972A,1,22,16.3,40209
972A,1,23,16.8,40199
972A,1,24,17.5,09219
972A,1,25,17.9,09047
972A,1,26,18.4,09037
972A,1,27,19.1,08138
972A,1,28,19.5,08057
973,1,1,0,45009
973,1,2,0.6,44241
973,1,3,1.1,44231
973,1,4,1.5,44229
973,1,5,2,44371
973,1,6,2.3,44381
973,1,7,2.8,44351
973,1,8,3,44361
973,1,9,3.5,43969
973,1,10,3.9,43899
973,1,11,4.1,43069
973,1,12,4.4,43279
973,1,13,4.7,43268
973,1,14,5,43811
973,1,15,5.4,43821
973,1,16,5.8,43041
973,1,17,6.4,43051
973,1,18,6.5,42991
973,1,19,6.9,43891
973,1,20,7.3,43961
973,1,21,7.7,44369
973,1,22,7.9,44359
973,1,23,8.3,44389
973,1,24,8.6,44379
973,1,25,9.1,44221
973,1,26,9.5,44239
973,1,27,9.9,44249
973,1,28,10.3,44639
973,1,29,10.7,45009
973A,1,1,0,45009
973A,1,2,0.6,44241
973A,1,3,1.1,44231
973A,1,4,1.5,44229
974,1,1,0,44029
974,1,2,0.7,44259
974,1,3,1.4,44149
974,1,4,1.7,44139
974,1,5,2.3,44129
974,1,6,2.7,44449
974,1,7,3.1,44459
974,1,8,3.4,44469
974,1,9,3.9,44539
974,1,10,4.3,44541
974,1,11,11.4,27109
974,1,12,11.9,27099
974,1,13,12.6,21379
974,1,14,12.9,21369
974,1,15,14,22491
974,1,16,14.4,22501
974,1,17,14.7,22511
974,1,18,15,22521
974,1,19,15.2,22469
974,1,20,15.8,22479
974,1,21,16.2,23041
974,1,22,16.4,23051
974,1,23,16.8,23061
974,1,24,17.3,23071
974,1,25,18.1,24009
974,2,1,0,24009
974,2,2,1,23079
974,2,3,1.4,23069
974,2,4,1.7,23059
974,2,5,2.2,23049
974,2,6,2.5,22471
974,2,7,2.9,22461
974,2,8,3.2,22529
974,2,9,3.5,22519
974,2,10,3.8,22509
974,2,11,4,22499
974,2,12,5.1,21361
974,2,13,5.4,21371
974,2,14,5.9,27091
974,2,15,6.4,27101
974,2,16,13.9,44549
974,2,17,14.4,44531
974,2,18,14.7,44461
974,2,19,15,44451
974,2,20,15.4,44441
974,2,21,15.8,44121
974,2,22,16.3,44131
974,2,23,16.6,44141
974,2,24,17.3,44031
974A,1,1,0,44029
974A,1,2,0.7,44259
974A,1,3,1.4,44149
974A,1,4,1.7,44139
974A,1,5,2.3,44129
974A,1,6,2.7,44449
974A,1,7,3.1,44459
974A,1,8,3.4,44469
974A,1,9,3.9,44539
975,1,1,0,45009
975,1,2,0.4,44259
975,1,3,1.1,44149
975,1,4,1.4,44271
975,1,5,1.8,44281
975,1,6,2.1,44291
975,1,7,2.5,44391
975,1,8,3.1,44531
975,1,9,3.4,44461
975,1,10,3.6,44521
975,1,11,3.9,44511
975,1,12,4.2,44689
975,1,13,4.5,44079
975,1,14,4.8,30089
975,1,15,5.3,30099
975,1,16,6.1,30059
975,1,17,6.4,30049
975,1,18,6.9,30039
975,1,19,7.2,30029
975,1,20,7.7,30019
975,1,21,8.2,31199
975,1,22,9,31179
975,1,23,9.4,31169
975,1,24,9.8,31159
975,1,25,10.2,31061
975,1,26,10.5,31071
975,1,27,10.8,31081
975,1,28,11.3,34101
975,1,29,11.4,32101
975,1,30,12.9,32111
975,1,31,13.4,32031
975,1,32,13.6,32041
975,1,33,14.2,32051
975,1,34,14.5,32061
975,1,35,15,32071
975,1,36,15.2,32081
975,1,37,15.4,33011
975,1,38,15.7,33021
975,1,39,16,33031
975,1,40,16.5,33041
975,1,41,16.8,33051
975,1,42,17.2,34011
975,1,43,17.4,34021
975,1,44,17.7,34031
975,1,45,17.9,34041
975,1,46,18.2,34051
975,1,47,18.4,34009
975,1,48,18.6,34059
975,1,49,18.9,34049
975,1,50,19.2,34039
975,1,51,19.4,34029
975,1,52,19.7,34019
975,1,53,20.1,33059
975,1,54,20.4,33049
975,1,55,20.8,33039
975,1,56,21.1,33029
975,1,57,21.3,33019
975,1,58,21.6,32089
975,1,59,21.8,32079
975,1,60,22.3,32069
975,1,61,22.5,32059
975,1,62,23,32049
975,1,63,23.2,32039
975,1,64,23.7,32119
975,1,65,25.1,32109
975,1,66,25.3,34109
975,1,67,25.9,31089
975,1,68,26.2,31079
975,1,69,26.5,31069
975,1,70,26.7,31151
975,1,71,27.4,31161
975,1,72,27.6,31171
975,1,73,28.3,31191
975,1,74,28.8,30011
975,1,75,29.1,30021
975,1,76,29.4,30031
975,1,77,29.6,30041
975,1,78,30,30051
975,1,79,30.9,30091
975,1,80,31.5,30081
975,1,81,31.8,44071
975,1,82,32.3,44519
975,1,83,32.6,44529
975,1,84,32.9,44469
975,1,85,33.4,44539
975,1,86,33.9,44399
975,1,87,34.2,44299
975,1,88,34.5,44289
975,1,89,34.9,44279
975,1,90,35.3,44141
975,1,91,35.9,44251
975,1,92,36.6,45009
975A,1,1,0,44531
975A,1,2,0.3,44461
975A,1,3,0.5,44521
975A,1,4,0.8,44511
975A,1,5,1.1,44689
975A,1,6,1.4,44079
975A,1,7,1.7,30089
975B,1,1,0,44531
975B,1,2,0.3,44461
975B,1,3,0.5,44521
975B,1,4,0.8,44511
975B,1,5,1.1,44689
975B,1,6,1.4,44079
975B,1,7,1.7,30089
975B,1,8,2.2,30099
975B,1,9,3,30059
975B,1,10,3.3,30049
975B,1,11,3.8,30039
975B,1,12,4.1,30029
975B,1,13,4.6,30019
975B,1,14,5.1,31199
975B,1,15,5.9,31179
975B,1,16,6.3,31169
975B,1,17,6.7,31159
975B,1,18,7.1,31061
975B,1,19,7.4,31071
975B,1,20,7.7,31081
975B,1,21,8.2,34101
975B,1,22,8.3,32101
975B,1,23,9.8,32111
975B,1,24,10.3,32031
975B,1,25,10.5,32041
975B,1,26,11.1,32051
975B,1,27,11.4,32061
975B,1,28,11.9,32071
975B,1,29,12.1,32081
975B,1,30,12.3,33011
975B,1,31,12.6,33021
975B,1,32,12.9,33031
975B,1,33,13.4,33041
976,1,1,0,44009
976,1,2,0.7,44461
976,1,3,1,44451
976,1,4,1.4,44441
976,1,5,1.8,44121
976,1,6,2.3,44131
976,1,7,2.6,44141
976,1,8,3.2,44251
976,1,9,3.4,44641
976,1,10,3.8,44791
976,1,11,4.1,44801
976,1,12,4.3,44861
976,1,13,4.5,44811
976,1,14,4.9,44821
976,1,15,5.2,44729
976,1,16,5.4,44839
976,1,17,5.8,44701
976,1,18,6.1,44691
976,1,19,6.5,44919
976,1,20,6.8,44929
976,1,21,7.1,44329
976,1,22,7.5,44229
976,1,23,7.8,44219
976,1,24,8.1,44209
976,1,25,8.6,45009
976,2,1,0,45009
976,2,2,0.6,44201
976,2,3,0.9,44211
976,2,4,1.2,44221
976,2,5,1.7,44321
976,2,6,2,44921
976,2,7,2.3,44911
976,2,8,2.8,44699
976,2,9,3.2,44709
976,2,10,3.6,44831
976,2,11,3.8,44721
976,2,12,4.1,44829
976,2,13,4.5,44819
976,2,14,4.6,44869
976,2,15,4.8,44809
976,2,16,5,44799
976,2,17,5.3,44649
976,2,18,5.6,44259
976,2,19,6.2,44149
976,2,20,6.5,44139
976,2,21,7.1,44129
976,2,22,7.5,44449
976,2,23,7.9,44459
976,2,24,8.2,44469
976,2,25,9,44009
979,1,1,0,45009
979,1,2,0.4,44259
979,1,3,0.8,44041
979,1,4,1.3,44051
979,1,5,1.5,43991
979,1,6,1.7,44061
979,1,7,1.9,45011
979,1,8,2.3,45021
979,1,9,2.5,45491
979,1,10,3,45361
979,1,11,3.4,45301
979,1,12,3.7,45469
979,1,13,4.1,45261
979,1,14,4.4,45271
979,1,16,4.9,45321
979,1,17,5.4,45389
979,1,18,5.8,45401
979,1,19,6,45411
979,1,20,6.3,45421
979,1,21,6.5,45439
979,1,22,6.7,45399
979,1,23,7.2,45329
979,1,25,7.6,45279
979,1,26,7.9,45269
979,1,27,8.1,45461
979,1,28,8.5,45309
979,1,29,8.9,45369
979,1,30,9.2,45489
979,1,31,9.6,45029
979,1,32,9.8,44999
979,1,33,10.2,45019
979,1,34,10.5,44069
979,1,35,10.7,44059
979,1,36,11.2,44049
979,1,37,11.6,44031
979,1,38,11.8,45009
97e,1,1,0,28009
97e,1,2,0.3,28301
97e,1,3,0.6,28431
97e,1,4,0.9,28249
97e,1,5,4.3,20019
97e,1,6,4.6,17149
97e,1,7,5,17139
97e,1,8,5.6,17129
97e,1,9,8.6,18049
97e,1,10,10.9,15059
97e,1,11,11.2,15049
97e,1,12,12.3,14169
97e,1,13,13.7,14129
97e,1,14,14,14119
97e,1,15,15.9,14069
97e,1,16,16.5,05641
97e,1,17,16.9,03222
97e,1,18,17.6,03111
97e,1,19,17.9,03071
97e,1,20,18.5,03381
97e,1,21,18.7,03391
97e,1,22,19.4,03511
97e,1,23,19.8,03501
97e,1,24,20.7,02169
97e,1,25,21,02159
97e,1,26,21.3,02089
97e,1,27,21.6,02099
97e,2,1,0,02099
97e,2,2,0.4,02101
97e,2,3,0.8,02051
97e,2,4,1.1,02061
97e,2,5,1.9,02151
97e,2,6,2.6,02161
97e,2,7,2.9,02171
97e,2,8,3.8,03509
97e,2,9,4.1,03519
97e,2,10,4.7,03539
97e,2,11,5.1,03529
97e,2,12,5.7,03129
97e,2,13,6,03217
97e,2,14,6.9,05649
97e,2,15,7.2,14061
97e,2,16,9.3,14141
97e,2,17,9.6,14121
97e,2,18,10.9,14161
97e,2,19,12,15041
97e,2,20,12.3,15051
97e,2,21,14.2,18041
97e,2,22,14.4,18131
97e,2,23,17.6,17121
97e,2,24,18.1,17131
97e,2,25,18.5,17141
97e,2,26,18.9,20011
97e,2,27,22.2,28241
97e,2,28,22.6,28439
97e,2,29,23.1,28009
98,1,1,0,28009
98,1,2,0.4,28061
98,1,3,0.9,28311
98,1,4,1.6,28321
98,1,5,2,28331
98,1,6,2.5,28451
98,1,7,2.9,28461
98,1,8,3.4,28491
98,1,9,3.8,28501
98,1,10,4.2,28511
98,1,11,4.5,28521
98,1,12,4.8,28399
98,1,13,5.2,28389
98,1,14,5.6,28091
98,1,15,6.1,21229
98,1,16,6.3,21219
98,1,17,6.7,21619
98,1,18,7.1,21609
98,1,19,7.5,21599
98,1,20,7.8,21589
98,1,21,8.1,21579
98,1,22,8.3,21569
98,1,23,8.8,21559
98,1,24,9,21179
98,1,25,9.6,21049
98,1,26,9.9,21159
98,1,27,10.2,21149
98,1,28,10.6,21069
98,1,29,10.9,21109
98,1,30,11.2,21089
98,1,31,11.5,21079
98,1,32,12,21139
98,1,33,12.4,21129
98,1,34,12.7,21119
98,1,35,13.5,21099
98,1,36,14.4,21111
98,1,37,14.8,21121
98,1,38,15,21131
98,1,39,15.4,21069
98,1,40,15.7,21109
98,1,41,16,21089
98,1,42,16.3,21079
98,1,43,16.8,21141
98,1,44,17,21151
98,1,45,17.4,21041
98,1,46,18,21171
98,1,47,18.3,21551
98,1,48,18.7,21561
98,1,49,18.9,21571
98,1,50,19.1,21581
98,1,51,19.4,21591
98,1,52,19.7,21601
98,1,53,20,21611
98,1,54,20.5,21211
98,1,55,21.2,28099
98,1,56,21.6,28381
98,1,57,22,28391
98,1,58,22.3,28529
98,1,59,22.8,28519
98,1,60,23,28509
98,1,61,23.5,28499
98,1,62,23.9,28469
98,1,63,24.3,28459
98,1,64,24.7,28339
98,1,65,25.1,28329
98,1,66,25.7,28319
98,1,67,26,28449
98,1,68,26.5,28009
980,1,1,0,58009
980,1,2,0.5,58151
980,1,3,0.8,58111
980,1,4,1.1,58421
980,1,5,1.3,58311
980,1,6,1.6,58251
980,1,7,1.9,58291
980,1,8,2.4,58391
980,1,9,2.8,58029
980,1,10,3.1,58019
980,1,11,3.4,57139
980,1,12,3.8,57129
980,1,13,4.1,57119
980,1,14,4.5,57089
980,1,15,4.9,57079
980,1,16,5.5,57069
980,1,17,6,57059
980,1,18,6.5,57049
980,1,19,7.1,57039
980,1,20,7.4,57029
980,1,21,7.8,57019
980,1,22,8.2,56099
980,1,23,8.8,56089
980,1,24,9.4,56079
980,1,25,9.9,56069
980,1,26,10.3,56059
980,1,27,10.7,56049
980,1,28,11,56039
980,1,29,11.4,56029
980,1,30,11.9,56019
980,1,31,12.2,53099
980,1,32,12.5,53089
980,1,33,12.9,53079
980,1,34,13.3,53069
980,1,35,13.7,53059
980,1,36,14.1,53049
980,1,37,14.4,53039
980,1,38,14.7,53029
980,1,39,15.1,53019
980,1,40,15.8,51069
980,1,41,16.3,51059
980,1,42,16.7,51049
980,1,43,17,51039
980,1,44,17.2,51029
980,1,45,17.4,51019
980,1,46,17.9,50059
980,1,47,18.1,50049
980,1,48,18.6,50038
980,1,49,19,50029
980,1,50,19.6,50019
980,1,51,19.8,40109
980,1,52,20.3,40019
980,1,53,20.7,07539
980,1,54,21.3,07518
980,1,55,21.5,07569
980,1,56,21.9,01639
980,1,57,22.1,01621
980,1,58,22.4,01511
980,1,59,22.7,01521
980,1,60,23,01411
980,1,61,23.3,01421
980,1,62,23.8,01341
980,1,63,24.5,80011
980,1,64,25.4,80009
980,2,1,0,80009
980,2,2,0.6,80029
980,2,3,1.1,01339
980,2,4,1.5,01329
980,2,5,2,01239
980,2,6,2.4,01529
980,2,7,2.6,01519
980,2,8,3.1,01631
980,2,9,3.6,01112
980,2,10,3.9,07551
980,2,11,4.2,07531
980,2,12,4.6,40011
980,2,13,5.2,40101
980,2,14,5.4,50011
980,2,15,6.1,50021
980,2,16,6.6,50031
980,2,17,6.9,50041
980,2,18,7.1,50051
980,2,19,7.4,51011
980,2,20,7.8,51021
980,2,21,8,51031
980,2,22,8.2,51041
980,2,23,8.6,51051
980,2,24,9.3,51071
980,2,25,9.8,53011
980,2,26,10.3,53021
980,2,27,10.8,53041
980,2,28,11.1,53051
980,2,29,11.6,53061
980,2,30,12,53071
980,2,31,12.3,53081
980,2,32,12.5,53091
980,2,33,12.9,56011
980,2,34,13.3,56021
980,2,35,13.8,56031
980,2,36,14.1,56041
980,2,37,14.5,56051
980,2,38,14.9,56061
980,2,39,15.3,56071
980,2,40,15.9,56081
980,2,41,16.4,56091
980,2,42,16.8,57011
980,2,43,17.3,57021
980,2,44,17.7,57031
980,2,45,18.2,57041
980,2,46,18.7,57051
980,2,47,19.2,57061
980,2,48,19.8,57071
980,2,49,20.1,57081
980,2,50,20.5,57111
980,2,51,20.8,57121
980,2,52,21.3,57131
980,2,53,21.7,58011
980,2,54,21.9,58021
980,2,55,22.2,58399
980,2,56,22.8,58299
980,2,57,23,58259
980,2,58,23.3,58319
980,2,59,23.6,58429
980,2,60,23.9,58119
980,2,61,24.2,58159
980,2,62,24.6,58009
981,1,1,0,58009
981,1,2,0.5,58259
981,1,3,0.8,58219
981,1,4,1.1,58111
981,1,5,1.4,58121
981,1,6,1.8,58131
981,1,7,2.4,58169
981,1,8,2.8,58149
981,1,9,3.3,47809
981,1,10,3.8,47119
981,1,11,4.1,47109
981,1,12,4.6,47099
981,1,13,5,47121
981,1,14,5.4,47131
981,1,15,5.6,47141
981,1,16,6,47151
981,1,17,6.4,47129
981,1,18,6.9,47169
981,1,19,7.4,47179
981,1,20,7.8,47189
981,1,21,8.2,47199
981,2,1,0,47121
981,2,2,0.4,47131
981,2,3,0.6,47141
981,2,4,1,47151
981,2,5,1.4,47129
981,2,6,1.9,47169
981,2,7,2.4,47179
981,2,8,2.8,47189
981,2,9,3.2,47199
981,2,10,3.8,47091
981,2,11,4.2,47101
981,2,12,4.5,47111
981,2,13,4.9,47801
981,2,14,5.3,58141
981,2,15,5.8,58161
981,2,16,6.5,58139
981,2,17,7,58129
981,2,18,7.2,58119
981,2,19,7.6,58211
981,2,20,7.9,58251
981,2,21,8.3,58009
982E,1,1,0,44589
982E,1,2,0.3,44559
982E,1,3,0.6,44629
982E,1,4,1,44509
982E,1,5,1.4,44499
982E,1,6,1.7,44461
982E,1,7,2,44451
982E,1,8,2.4,44441
982E,1,9,2.7,44119
982E,1,10,3,44299
982E,1,11,3.3,44289
982E,1,12,3.7,44279
982E,1,13,4,44139
982E,1,14,4.5,44159
982E,1,15,5,44169
982E,1,19,24.5,03222
982E,1,20,25.2,03111
982E,1,21,25.5,03071
982E,1,22,26.1,03381
982E,1,23,26.3,03391
982E,2,1,0,03539
982E,2,2,0.4,03529
982E,2,3,1,03129
982E,2,4,1.3,03217
982E,2,8,21.4,44161
982E,2,9,21.9,44151
982E,2,10,22.4,44131
982E,2,11,22.6,44271
982E,2,12,23,44281
982E,2,13,23.3,44291
982E,2,14,23.6,44111
982E,2,15,24.1,44449
982E,2,16,24.5,44459
982E,2,17,24.8,44469
982E,2,18,25,44491
982E,2,19,25.5,44501
982E,2,20,25.8,44621
982E,2,21,26.3,44551
982E,2,22,26.5,44581
983,1,1,0,44009
983,1,2,0.7,44491
983,1,3,1.2,44501
983,1,4,1.5,44621
983,1,5,2,44551
983,1,6,2.2,44581
983,1,7,2.4,44591
983,1,8,2.7,44091
983,1,9,3.2,44879
983,1,10,3.6,44899
983,1,12,4.5,44131
983,1,13,4.8,44141
983,1,14,5.5,44031
983,1,17,6.1,44259
983,1,18,6.8,44149
983,1,19,7.1,44139
983,1,21,8,44891
983,1,22,8.4,44871
983,1,23,8.8,44099
983,1,24,9.1,44599
983,1,25,9.4,44589
983,1,26,9.7,44559
983,1,27,10,44629
983,1,28,10.4,44509
983,1,29,10.8,44499
983,1,30,11.7,44009
983A,1,1,0,44009
983A,1,2,0.7,44491
983A,1,3,1.2,44501
983A,1,4,1.5,44621
983A,1,5,2,44551
983A,1,6,2.2,44581
983A,1,7,2.4,44591
983A,1,8,2.7,44091
983A,1,9,3.2,44879
983A,1,10,3.6,44899
983A,1,12,4.5,44131
985,1,1,0,44009
985,1,2,0.6,44539
985,1,3,1.1,44399
985,1,4,1.4,44299
985,1,5,1.7,44289
985,1,6,2.1,44279
985,1,7,2.4,44139
985,1,8,2.9,44159
985,1,9,3.4,44169
985,1,10,3.8,43529
985,1,11,4.2,43641
985,1,12,4.5,43831
985,1,13,4.7,43491
985,1,14,5.2,43481
985,1,15,5.5,43471
985,1,16,5.8,43461
985,1,17,6.3,43411
985,1,18,6.9,43421
985,1,19,7.2,43431
985,1,20,7.5,43441
985,1,21,8,43229
985,1,22,8.6,43209
985,1,23,9.1,42199
985,1,24,9.4,42189
985,1,25,9.7,42179
985,1,26,10.1,42169
985,1,27,10.3,42159
985,1,28,10.6,42259
985,1,30,18.3,51091
985,1,31,18.7,51101
985,1,32,19.5,52071
985,1,34,21.4,52081
985,1,35,22.1,60081
985,1,36,22.7,60179
985,1,37,22.9,60159
985,1,38,23.2,60139
985,1,39,23.7,60119
985,1,40,24.4,60059
985,1,41,25.1,80109
985,1,42,25.7,80009
985,2,1,0,80009
985,2,2,0.3,80101
985,2,3,1,60051
985,2,4,1.5,60191
985,2,5,1.9,60121
985,2,6,2.3,60141
985,2,7,2.6,60161
985,2,8,2.9,60181
985,2,9,3.2,60089
985,2,10,3.9,52089
985,2,12,5.8,52079
985,2,13,7,51099
985,2,15,14.9,42089
985,2,16,15.5,42071
985,2,17,15.8,42151
985,2,18,16.1,42161
985,2,19,16.5,42171
985,2,20,16.8,42181
985,2,21,17.2,42191
985,2,22,17.5,43201
985,2,23,18.2,43221
985,2,24,18.6,43449
985,2,25,18.9,43439
985,2,26,19.2,43429
985,2,27,19.8,43419
985,2,28,20.4,43469
985,2,29,20.7,43479
985,2,30,21,43489
985,2,31,21.4,43499
985,2,32,21.8,43839
985,2,33,22.1,43649
985,2,34,22.4,43521
985,2,35,22.9,44161
985,2,36,23.4,44151
985,2,37,23.9,44131
985,2,38,24.1,44271
985,2,39,24.5,44281
985,2,40,24.8,44291
985,2,41,25.2,44391
985,2,42,26,44009
98A,1,1,5.6,28091
98A,1,2,6.1,21229
98A,1,3,6.3,21219
98A,1,4,6.7,21619
98A,1,5,7.1,21609
98A,1,6,7.5,21599
98A,1,7,7.8,21589
98A,1,8,8.1,21579
98A,1,9,8.3,21569
98A,1,10,8.8,21559
98A,1,11,9,21179
98B,1,1,3.8,28501
98B,1,2,4.2,28511
98B,1,3,4.5,28521
98B,1,4,4.8,28399
98B,1,5,5.2,28389
98B,1,6,5.6,28091
98B,1,7,6.1,21229
98B,1,8,6.3,21219
98B,1,9,6.7,21619
98B,1,10,7.1,21609
98B,1,11,7.5,21599
98B,1,12,7.8,21589
98B,1,13,8.1,21579
98B,1,14,8.3,21569
98B,1,15,8.8,21559
98B,1,16,9,21179
98B,1,17,9.6,21049
98B,1,18,9.9,21159
98B,1,19,10.2,21149
98B,1,20,10.6,21069
98B,1,21,10.9,21109
98B,1,22,11.2,21089
98B,1,23,11.4,21079
98B,1,24,11.9,21139
98B,1,25,12.3,21129
98B,1,26,12.6,21119
98B,1,27,13.4,21099
98M,1,1,0,28009
98M,1,2,0.4,28061
98M,1,3,0.9,28311
98M,1,4,1.6,28321
98M,1,5,2,28331
98M,1,6,2.5,28451
98M,1,7,2.9,28461
98M,1,8,3.4,28491
98M,1,9,3.8,28501
98M,1,10,4.2,28511
98M,1,11,4.5,28521
98M,1,12,4.8,28399
98M,1,13,5.2,28389
98M,1,14,5.6,28091
98M,1,15,6.1,21229
98M,1,16,6.3,21219
98M,1,17,6.7,21619
98M,1,18,7.1,21609
98M,1,19,7.5,21599
98M,1,20,7.8,21589
98M,1,21,8.1,21579
98M,1,22,8.3,21569
98M,1,23,8.8,21559
98M,1,24,9,21179
98M,1,25,9.5,21029
98M,1,26,10.3,21779
98M,1,27,10.7,21561
98M,1,28,10.9,21571
98M,1,29,11.1,21581
98M,1,30,11.4,21591
98M,1,31,11.7,21601
98M,1,32,12,21611
98M,1,33,12.5,21211
98M,1,34,13.2,28099
98M,1,35,13.6,28381
98M,1,36,14,28391
98M,1,37,14.3,28529
98M,1,38,14.8,28519
98M,1,39,15,28509
98M,1,40,15.5,28499
98M,1,41,15.9,28469
98M,1,42,16.3,28459
98M,1,43,16.7,28339
98M,1,44,17.1,28329
98M,1,45,17.7,28319
98M,1,46,18,28449
98M,1,47,18.5,28009
99,1,1,0,17009
99,1,2,0.5,17181
99,1,3,0.8,20101
99,1,4,1.4,28011
99,1,5,1.9,28021
99,1,6,2.4,28031
99,1,7,2.8,28041
99,1,8,3.2,28051
99,1,9,3.7,28061
99,1,10,4.2,28071
99,1,11,4.5,28081
99,1,12,4.9,28281
99,1,13,5.2,28451
99,1,14,5.6,28461
99,1,15,6.1,28491
99,1,16,6.5,28501
99,1,17,6.9,28511
99,1,18,7.2,28521
99,1,19,7.5,28401
99,1,20,7.8,28531
99,1,21,8.3,21711
99,1,22,8.5,21451
99,1,23,8.8,21449
99,1,24,9.1,21439
99,1,25,9.4,21429
99,1,26,9.8,21391
99,1,27,10.1,21371
99,1,28,10.5,22411
99,1,29,10.8,22341
99,1,30,11,27331
99,1,31,11.3,27341
99,1,32,11.7,27351
99,1,33,12,27361
99,1,34,12.4,27271
99,1,35,12.7,27131
99,1,36,13,27531
99,1,37,13.2,27141
99,1,38,13.8,27501
99,1,39,14.1,27511
99,1,40,14.4,27521
99,1,41,14.7,22479
99,1,42,15.1,23041
99,1,43,15.3,23051
99,1,44,15.7,23061
99,1,45,16.2,23071
99,1,46,17,24009
99,2,1,0,24009
99,2,2,1,23079
99,2,3,1.4,23069
99,2,4,1.7,23059
99,2,5,2.2,23049
99,2,6,2.5,22471
99,2,7,2.8,27529
99,2,8,3.2,27519
99,2,9,3.5,27509
99,2,10,3.9,27149
99,2,11,4.4,27539
99,2,12,4.7,27139
99,2,13,5,27279
99,2,14,5.4,27369
99,2,15,5.7,27359
99,2,16,6.1,27349
99,2,17,6.5,22349
99,2,18,6.8,22419
99,2,19,7.3,21379
99,2,20,7.5,21399
99,2,21,7.9,21421
99,2,22,8.3,21431
99,2,23,8.5,21441
99,2,24,8.7,21459
99,2,25,9,21719
99,2,26,9.3,28539
99,2,27,9.6,28409
99,2,28,9.9,28529
99,2,29,10.4,28519
99,2,30,10.6,28509
99,2,31,11.1,28499
99,2,32,11.5,28469
99,2,33,11.9,28459
99,2,34,12.3,28289
99,2,35,12.6,28089
99,2,36,12.9,28079
99,2,37,13.4,28069
99,2,38,13.9,28059
99,2,39,14.2,28049
99,2,40,14.6,28039
99,2,41,14.9,28029
99,2,42,15.5,28019
99,2,43,16.1,20109
99,2,44,16.5,17189
99,2,45,16.8,17009
990,1,1,0,43009
990,1,2,0.6,43179
990,1,3,1,43189
990,1,4,1.4,43149
990,1,5,1.9,43591
990,1,6,2.3,43511
990,1,7,2.6,43699
990,1,8,3,28629
990,1,9,3.2,28631
990,1,10,3.5,28641
990,1,11,4.1,28651
990,1,12,4.8,28051
990,1,13,5.3,28061
990,1,14,5.7,28449
990,1,15,6.1,28211
990,1,16,6.4,28201
990,1,17,7,28059
990,1,18,7.4,28659
990,1,19,8.1,28649
990,1,20,8.4,28639
990,1,21,8.6,28621
990,1,22,9.1,43691
990,1,23,9.4,43519
990,1,24,9.8,43599
990,1,25,10.3,43141
990,1,26,10.7,43181
990,1,27,11.1,43171
990,1,28,11.6,43009
991,1,1,0,43009
991,1,2,0.4,43419
991,1,3,0.8,43401
991,1,4,1.2,43321
991,1,5,1.5,43331
991,1,6,1.8,43341
991,1,7,2.2,40321
991,1,8,2.5,40341
991,1,9,2.9,40361
991,1,10,3.3,40371
991,1,11,4.1,43601
991,1,12,4.5,43571
991,1,13,4.9,43581
991,1,14,5.5,43521
991,1,15,6.4,30129
991,1,16,6.8,30119
991,1,17,7.1,30109
991,1,18,7.7,44071
991,1,19,8.2,45451
991,1,20,8.4,44081
991,1,21,8.8,44091
991,1,22,9.4,44881
991,1,23,10,44129
991,1,24,10.5,44119
991,1,25,10.9,44391
991,1,26,11.7,44009
991,2,1,0,44009
991,2,2,0.6,44539
991,2,3,1.1,44399
991,2,4,1.5,44111
991,2,5,2.6,44889
991,2,6,3.2,44099
991,2,7,3.6,44089
991,2,8,4,44689
991,2,9,4.3,44079
991,2,10,4.8,30101
991,2,11,5.3,30111
991,2,12,5.5,30121
991,2,13,6.3,43529
991,2,14,6.9,43589
991,2,15,7.3,43579
991,2,16,7.6,43609
991,2,17,8.4,40379
991,2,18,8.7,40369
991,2,19,9.1,40349
991,2,20,9.6,40329
991,2,21,9.8,43349
991,2,22,10.2,43339
991,2,23,10.4,43329
991,2,24,10.8,43409
991,2,25,11.3,43411
991,2,26,11.7,43009
991A,1,1,0,43009
991A,1,2,0.4,43419
991A,1,3,0.8,43401
991A,1,4,1.2,43321
991A,1,5,1.5,43331
991A,1,6,1.8,43341
991B,1,1,0,44009
991B,1,2,0.4,44539
991B,1,3,0.9,44399
991B,1,4,1.3,44111
991B,1,5,2.4,44889
991B,1,6,3,44099
9A,1,1,0,84009
9A,1,2,0.7,84031
9A,1,3,1.2,84041
9A,1,4,1.8,84051
9A,1,5,2.1,84061
9A,1,6,2.6,85091
9A,1,7,3.1,85051
9A,1,8,3.4,85061
9A,1,9,3.6,85081
9A,1,10,3.9,85071
9A,1,11,4.3,96101
9A,1,12,4.9,96259
9A,1,13,5.2,96169
9A,1,14,5.6,96269
9A,1,15,5.9,96181
9A,1,16,6.1,96121
9A,1,17,6.9,76101
9A,1,18,7.1,76031
9A,1,19,7.5,76231
9A,1,20,7.8,76241
9A,1,21,8.4,98011
CT18,1,1,0,84211
CT18,1,2,0.3,84521
CT18,1,3,0.8,84201
CT18,1,4,1.1,84609
CT18,1,5,1.4,84639
CT18,1,6,1.6,84619
CT18,1,7,1.9,84629
CT18,1,8,2.2,84479
CT18,1,9,2.6,84469
CT18,1,11,3.7,84491
CT18,1,12,4.1,72079
CT18,1,13,4.4,72069
CT18,1,14,4.8,72029
CT18,1,15,5.2,72019
CT18,1,18,17,05049
CT18,1,19,17.4,05039
CT18,1,20,17.7,05019
CT18,1,21,18.3,10011
CT18,1,22,19.2,10499
CT18,2,1,0,10499
CT18,2,2,1.2,10017
CT18,2,3,1.7,05012
CT18,2,4,2.1,05013
CT18,2,7,14.5,72011
CT18,2,8,14.9,72021
CT18,2,9,15.4,72061
CT18,2,10,15.6,72071
CT18,2,11,16.1,84499
CT18,2,13,17.1,84461
CT18,2,14,17.5,84471
CT18,2,15,17.9,84621
CT18,2,16,18.3,84611
CT18,2,17,18.5,84631
CT18,2,18,18.7,84601
CT18,2,19,19,84209
CT18,2,20,19.5,84529
CT18,2,21,19.8,84219
CT8,1,1,0,55159
CT8,1,2,0.3,55149
CT8,1,3,0.6,55139
CT8,1,4,0.9,54209
CT8,1,5,1.2,54199
CT8,1,6,1.7,54189
CT8,1,7,2.1,54221
CT8,1,8,2.4,54231
CT8,1,9,2.9,54241
CT8,1,10,3.4,54261
CT8,1,11,3.7,54271
CT8,1,12,4,54281
CT8,1,13,4.5,54389
CT8,1,14,4.9,54379
CT8,1,18,15.5,05049
CT8,1,19,15.9,05039
CT8,1,20,16.2,05019
CT8,1,21,16.8,10011
CT8,1,22,17.7,10499
CT8,2,1,0,10499
CT8,2,2,1.2,10017
CT8,2,3,1.7,05012
CT8,2,4,2.1,05013
CT8,2,8,12.6,54371
CT8,2,9,13,54381
CT8,2,10,13.5,54289
CT8,2,11,13.8,54279
CT8,2,12,14.1,54269
CT8,2,13,14.6,54248
CT8,2,14,15,54239
CT8,2,15,15.4,54229
CT8,2,16,15.9,54181
CT8,2,17,16.3,54191
CT8,2,18,16.6,54201
CT8,2,19,16.9,55131
CT8,2,20,17.2,55141
CT8,2,21,17.6,55151
NR1,1,1,0,14519
NR1,1,2,2,14141
NR1,1,4,3,14129
NR1,1,5,3.3,14119
NR1,1,6,4,14109
NR1,1,7,4.4,14089
NR1,1,12,9.8,03511
NR1,1,13,10.2,03501
NR1,1,14,10.9,02051
NR1,1,15,11.2,02061
NR1,1,17,12.2,04167
NR1,1,18,12.5,04249
NR1,1,19,12.9,05029
NR1,1,20,13.2,05009
NR1,1,23,14.2,04222
NR1,1,24,14.5,04211
NR1,1,25,14.8,04331
NR1,1,26,15.1,13109
NR1,1,27,15.6,13099
NR1,1,29,16.6,08121
NR1,1,32,17.3,09011
NR1,1,33,17.6,09023
NR1,1,35,18.2,09212
NR1,1,36,18.8,40171
NR1,1,37,19.1,40181
NR1,1,38,19.5,40121
NR1,1,39,19.8,50061
NR1,1,40,20.4,50031
NR1,1,41,20.7,50041
NR1,1,42,20.9,50051
NR1,1,43,21.2,51011
NR1,1,44,22.1,52071
NR1,1,45,23,52181
NR1,1,46,23.2,52231
NR1,1,47,23.8,52271
NR1,1,49,24.4,52369
NR1,1,50,25.2,52051
NR1,1,51,26.1,53251
NR1,1,52,26.5,53221
NR1,1,53,26.9,53239
NR1,1,54,27.4,53391
NR1,1,55,27.9,53381
NR1,1,56,28.2,53371
NR1,1,57,28.6,53161
NR1,1,58,29,54011
NR1,1,59,29.6,54031
NR1,1,60,30,54041
NR1,1,61,30.3,54051
NR1,1,62,30.6,55201
NR1,1,63,30.9,55181
NR1,1,64,31.4,55171
NR1,1,65,31.8,55241
NR1,1,66,32.1,55251
NR1,1,67,32.4,55261
NR1,1,69,33.4,55281
NR1,1,70,33.9,59011
NR1,1,71,34.8,59021
NR1,1,72,35.2,59031
NR1,1,73,35.6,59041
NR1,1,74,36,59421
NR1,1,75,36.3,59431
NR1,1,76,36.6,59371
NR1,1,77,37,59361
NR1,1,78,37.4,59341
NR1,1,79,38.2,59451
NR1,1,80,38.6,59411
NR1,1,81,38.9,59401
NR1,1,82,39.3,59391
NR1,1,83,39.7,59381
NR1,1,84,40.2,59241
NR1,1,85,40.5,59231
NR1,1,86,40.9,59101
NR1,1,87,41.3,59121
NR1,1,88,41.6,59131
NR1,1,89,42,59301
NR1,1,90,42.3,59311
NR1,1,91,42.6,59081
NR1,1,92,43,59321
NR1,1,93,43.2,59561
NR2,1,1,0,02099
NR2,1,2,0.4,02101
NR2,1,3,0.8,02051
NR2,1,4,1.1,02061
NR2,1,6,2.1,04167
NR2,1,7,2.4,04249
NR2,1,8,2.8,05029
NR2,1,10,3.4,04222
NR2,1,11,3.7,04211
NR2,1,12,4,04331
NR2,1,13,4.3,13109
NR2,1,14,4.8,13099
NR2,1,16,5.8,08121
NR2,1,19,6.5,09011
NR2,1,20,6.8,09023
NR2,1,22,7.4,09212
NR2,1,23,7.5,09213
NR2,1,24,8.3,40191
NR2,1,25,8.7,40201
NR2,1,26,9.1,40211
NR2,1,27,9.3,40221
NR2,1,28,9.7,40231
NR2,1,31,26.1,46069
NR2,1,32,26.4,46088
NR2,1,33,26.8,46111
NR2,1,34,27.3,46201
NR2,1,35,27.5,46189
NR2,1,36,27.8,46191
NR2,1,38,28.8,46279
NR2,1,39,29.2,46281
NR2,1,40,29.6,46391
NR2,1,41,30,46691
NR2,1,42,30.3,46689
NR2,1,43,30.6,47571
NR2,1,44,30.9,47561
NR2,1,45,31.3,47551
NR2,1,46,31.8,47541
NR2,1,47,32,47591
NR2,1,48,32.4,47601
NR2,1,49,32.8,47611
NR2,1,50,33.4,58301
NR2,1,51,35,58391
NR2,1,52,35.3,58101
NR2,1,53,35.5,58151
NR2,1,54,35.8,58111
NR2,1,55,36.1,58421
NR2,1,56,36.3,58311
NR2,1,57,36.6,58251
NR2,1,58,36.9,58291
NR3,1,1,0,05029
NR3,1,2,0.3,05009
NR3,1,5,1.3,04222
NR3,1,6,1.6,04211
NR3,1,7,1.9,04331
NR3,1,8,2.2,13109
NR3,1,9,2.5,13211
NR3,1,13,4.2,08121
NR3,1,16,4.9,09011
NR3,1,17,5.2,09023
NR3,1,19,5.8,09212
NR3,1,20,5.9,09213
NR3,1,21,6.7,40191
NR3,1,22,7.1,40201
NR3,1,23,7.5,40211
NR3,1,24,7.7,40221
NR3,1,25,8.1,40231
NR3,1,28,17.2,44269
NR3,1,29,17.8,44239
NR3,1,30,18.2,44249
NR3,1,31,18.6,44259
NR3,1,32,19.3,44149
NR3,1,33,19.6,44271
NR3,1,34,20,44281
NR3,1,35,20.3,44291
NR3,1,36,20.6,44111
NR3,1,37,21.1,44449
NR3,1,38,21.7,44571
NR3,1,39,21.9,44561
NR3,1,41,22.3,44689
NR3,1,42,22.6,44629
NR3,1,43,23,44509
NR3,1,44,23.4,44499
NR3,1,45,23.7,45231
NR3,1,46,24.2,45241
NR3,1,47,24.5,45251
NR3,1,48,24.9,45311
NR3,1,49,25.1,45261
NR3,1,50,25.4,45271
NR3,1,51,25.6,45341
NR3,1,52,26,45331
NR3,1,54,26.5,45391
NR3,1,55,26.7,45431
NR3,1,56,27.1,45429
NR3,1,57,27.3,45419
NR3,1,58,27.7,45409
NR3,1,59,27.9,45381
NR3,1,60,28.4,45329
NR3,1,61,28.8,45479
NR3,1,62,29.2,45299
NR3,1,63,29.6,44549
NR3,1,64,30.1,44531
NR3,1,65,30.8,44009
NR5,1,1,0,02099
NR5,1,2,0.4,02101
NR5,1,3,0.8,02051
NR5,1,4,1.1,02061
NR5,1,6,2.1,04167
NR5,1,7,2.4,04249
NR5,1,8,2.8,05029
NR5,1,10,3.4,04222
NR5,1,11,3.7,04211
NR5,1,12,4,04331
NR5,1,13,4.3,13109
NR5,1,14,4.8,13099
NR5,1,16,5.8,08121
NR5,1,19,6.5,09011
NR5,1,20,6.8,09022
NR5,1,21,7.2,13199
NR5,1,23,7.9,13159
NR5,1,24,8.3,13139
NR5,1,25,8.5,13119
NR5,1,26,8.9,06129
NR5,1,27,9.4,06069
NR5,1,28,9.8,06051
NR5,1,29,10.1,10141
NR5,1,30,10.5,10151
NR5,1,31,10.7,10161
NR5,1,32,11.1,10171
NR5,1,33,11.4,10181
NR5,1,34,11.6,10191
NR5,1,35,11.9,10201
NR5,1,36,12.3,10281
NR5,1,37,12.7,10291
NR5,1,38,13.2,11131
NR5,1,39,13.4,11141
NR5,1,40,14,11151
NR5,1,41,14.6,11161
NR5,1,42,15.1,11171
NR5,1,43,15.5,11181
NR5,1,44,16,11191
NR5,1,45,16.5,19011
NR5,1,46,16.9,19021
NR5,1,47,17.3,19031
NR5,1,48,17.7,19041
NR5,1,49,18.4,17151
NR5,1,50,18.7,17161
NR5,1,51,19.1,17171
NR5,1,52,19.4,17181
NR5,1,53,19.7,20101
NR5,1,54,20.3,28011
NR5,1,55,20.8,28021
NR5,1,56,21.3,28031
NR5,1,57,21.7,28041
NR5,1,58,22.3,28659
NR5,1,59,23,28649
NR5,1,60,23.3,28639
NR5,1,61,23.7,28321
NR5,1,62,24.1,28331
NR5,1,63,24.6,28451
NR5,1,64,25,28461
NR5,1,65,25.5,28491
NR5,1,66,25.9,28501
NR5,1,67,26.3,28511
NR5,1,68,26.6,28521
NR5,1,69,26.9,28401
NR5,1,70,27.2,28531
NR5,1,72,27.8,21249
NR5,1,73,28.2,21429
NR5,1,74,28.6,21391
NR5,1,75,28.9,21369
NR5,1,76,29.6,22571
NR5,1,77,30,22491
NR5,1,78,30.6,22251
NR5,1,79,31,22241
NR5,1,80,31.3,22231
NR5,1,81,31.6,27421
NR5,1,82,32.1,27411
NR5,1,83,32.4,27401
NR5,1,84,32.8,27399
NR5,1,85,33,27389
NR5,1,86,33.3,27379
NR5,1,87,33.8,22599
NR5,1,88,34,22449
NR6,1,1,0,14519
NR6,1,2,2,14141
NR6,1,4,3,14129
NR6,1,5,3.3,14119
NR6,1,6,4,14109
NR6,1,7,4.4,14089
NR6,1,12,9.8,03511
NR6,1,13,10.2,03501
NR6,1,14,10.9,02051
NR6,1,15,11.2,02061
NR6,1,17,12.2,04167
NR6,1,18,12.5,04249
NR6,1,19,12.9,05029
NR6,1,21,13.5,04222
NR6,1,22,13.8,04211
NR6,1,23,14.1,04331
NR6,1,24,14.4,13109
NR6,1,25,14.9,13099
NR6,1,26,15.3,13089
NR6,1,27,15.7,13079
NR6,1,28,16.2,13141
NR6,1,30,16.8,13191
NR6,1,31,17.3,09047
NR6,1,32,17.5,09048
NR6,1,33,17.9,09037
NR6,1,34,18.1,09038
NR6,1,35,18.4,08137
NR6,1,36,18.6,08138
NR6,1,37,19,08057
NR6,1,38,19.1,08058
NR6,1,40,19.4,08079
NR6,1,41,19.6,07011
NR6,1,42,20,07021
NR6,1,43,20.2,07031
NR6,1,44,20.6,07111
NR6,1,45,21.2,07211
NR6,1,46,21.5,07221
NR6,1,47,21.9,60101
NR6,1,48,22.2,60121
NR6,1,49,22.6,60141
NR6,1,50,22.9,60161
NR6,1,51,23.6,60201
NR6,1,52,23.7,60261
NR6,1,53,23.9,61011
NR6,1,54,24.2,61021
NR6,1,55,24.4,61031
NR6,1,56,24.7,61041
NR6,1,57,25.1,62111
NR6,1,58,25.3,62121
NR6,1,59,25.6,62131
NR6,1,60,26.2,66371
NR6,1,61,26.6,63361
NR6,1,62,27,63181
NR6,1,63,27.4,63191
NR6,1,64,27.6,63201
NR6,1,65,27.9,63211
NR6,1,66,28.4,64101
NR6,1,67,29,64491
NR6,1,68,29.2,64481
NR6,1,69,29.5,64471
NR6,1,71,30.1,64351
NR6,1,72,30.4,64361
NR6,1,73,30.8,64031
NR6,1,74,31.3,64021
NR6,1,75,31.7,65011
NR6,1,76,32,67169
NR6,1,77,32.7,67159
NR6,1,78,33.1,67139
NR6,1,79,33.5,67129
NR6,1,80,33.7,67119
NR6,1,81,34.1,67109
NR6,1,82,34.5,67409
NR6,1,83,35,67399
NR6,1,84,35.4,67581
NR6,1,85,35.7,67351
NR6,1,86,36.2,67341
NR6,1,87,36.7,67171
NR8,1,1,0,02099
NR8,1,2,0.4,02101
NR8,1,3,0.8,02051
NR8,1,4,1.1,02061
NR8,1,6,2.1,04167
NR8,1,7,2.4,04249
NR8,1,8,2.8,05029
NR8,1,10,3.4,04222
NR8,1,11,3.7,04211
NR8,1,12,4,04331
NR8,1,13,4.3,13109
NR8,1,14,4.8,13099
NR8,1,16,5.8,08121
NR8,1,19,6.5,09011
NR8,1,20,6.8,09022
NR8,1,21,7.3,09111
NR8,1,22,7.6,09121
NR8,1,23,8.2,09131
NR8,1,24,8.5,09141
NR8,1,25,8.8,13011
NR8,1,26,9.4,13021
NR8,1,27,9.7,11201
NR8,1,28,10,11211
NR8,1,29,10.5,11221
NR8,1,30,11,11231
NR8,1,31,11.7,11419
NR8,1,32,12.1,11409
NR8,1,33,12.4,11181
NR8,1,34,12.9,11191
NR8,1,35,13.4,19011
NR8,1,36,13.8,19021
NR8,1,37,14.2,19031
NR8,1,38,14.6,19041
NR8,1,39,15.3,17151
NR8,1,40,15.6,17161
NR8,1,41,16,17171
NR8,1,42,16.3,17181
NR8,1,43,16.6,20101
NR8,1,44,17.2,28011
NR8,1,45,18,28181
NR8,1,46,18.4,28101
NR8,1,47,19.1,42311
NR8,1,48,19.5,43621
NR8,1,49,19.8,43611
NR8,1,50,20.1,43181
NR8,1,51,20.5,43171
NR8,1,52,21.1,43419
NR8,1,53,21.7,43469
NR8,1,54,22,43479
NR8,1,55,22.3,43489
NR8,1,56,22.7,43499
NR8,1,57,23.1,43839
NR8,1,58,23.4,43649
NR8,1,59,23.9,43589
NR8,1,60,24.3,43579
NR8,1,61,24.6,43609
